airport,object_id,subpath_index,edge_index,mid_x,mid_y,angle,length
tik,0,0,0,153.9535,256.5745,48.9748,28.6034
tik,0,0,1,141.533,248.471,138.4722,8.1028
tik,0,0,2,135.673,253.582,139.3769,7.4492
tik,0,0,3,129.748,258.7075,138.9216,8.2196
tik,0,0,4,125.9085,263.376,110.6452,4.2061
tik,0,0,5,132.61,273.9265,49.0672,22.7207
tik,0,0,6,141.368,283.9035,46.6808,3.8335
tik,0,0,7,146.985,281.5735,139.1153,11.3805
tik,1,0,0,134.7865,250.304,137.5029,1.3441
tik,1,0,1,134.796,249.2935,48.869,1.4777
tik,1,0,2,133.361,247.653,48.7992,2.8814
tik,1,0,3,131.7665,245.8565,47.8249,1.9229
tik,1,0,4,131.0065,245.01,49.4837,0.3525
tik,1,0,5,130.698,244.65,49.3586,0.5957
tik,1,0,6,130.3115,244.698,125.0896,0.6697
tik,1,0,7,129.586,245.4915,135.7351,1.4886
tik,1,0,8,128.535,245.4015,49.6395,1.5998
tik,1,0,9,127.869,244.946,133.8603,0.4272
tik,1,0,10,126.6065,246.032,140.0962,2.9057
tik,1,0,11,126.9425,248.64,49.1255,4.433
tik,1,0,12,128.7435,250.458,22.0547,0.7563
tik,1,0,13,129.633,250.7175,12.2971,1.1033
tik,1,0,14,131.044,251.817,48.3952,2.6266
tik,2,0,0,249.9075,103.924,5.8159,0.1578
tik,2,0,1,247.007,103.947,179.3708,5.6443
tik,2,0,2,244.061,103.9975,171.0627,0.251
tik,2,0,3,243.808,104.089,150.8313,0.2955
tik,2,0,4,243.515,104.2665,147.2463,0.39
tik,2,0,5,243.2165,104.4965,137.2132,0.3666
tik,2,0,6,242.993,104.718,132.5361,0.2633
tik,2,0,7,242.7905,104.9945,122.3056,0.4248
tik,2,0,8,242.465,106.7685,97.5734,3.2171
tik,2,0,9,242.0835,108.616,123.8202,0.6091
tik,2,0,10,241.7265,109.079,131.7615,0.563
tik,2,0,11,247.6825,109.2445,179.585,12.2873
tik,2,0,12,253.542,109.076,23.5887,0.6198
tik,2,0,13,253.101,108.825,38.9688,0.4039
tik,2,0,14,252.7795,108.5385,44.1164,0.4583
tik,2,0,15,251.354,106.2035,59.9017,5.0291
tik,3,0,0,243.9645,447.4915,0.3155,2.361
tik,3,0,1,242.7825,448.0835,90.1432,1.197
tik,3,0,2,243.687,450.8015,66.8553,4.61
tik,3,0,3,247.4865,452.9075,179.7326,5.7871
tik,3,0,4,251.615,450.7605,120.0649,4.9303
tik,3,0,5,253.0025,448.4305,127.8133,0.4975
tik,3,0,6,253.3115,448.096,138.5963,0.4173
tik,3,0,7,253.616,447.856,145.425,0.3595
tik,3,0,8,253.974,447.664,156.8022,0.4569
tik,4,0,0,307.7345,121.766,90.6435,4.5403
tik,4,0,1,299.3445,119.5085,179.9149,16.831
tik,4,0,2,290.937,121.8265,89.8013,4.6111
tik,4,0,3,298.8205,124.087,179.6726,15.7513
tik,5,0,0,225.6855,304.247,0.174,7.247
tik,5,0,1,222.0855,305.7005,89.0807,2.9294
tik,5,0,2,222.098,308.8165,90.3817,3.3031
tik,5,0,3,222.084,311.94,90.1167,2.944
tik,5,0,4,225.132,313.4145,0.047,6.102
tik,5,0,5,228.7655,313.422,0.4923,1.1651
tik,6,0,0,212.023,305.685,89.7575,2.834
tik,6,0,1,208.427,304.2935,179.5928,7.1802
tik,6,0,2,204.8155,308.8355,90.2727,9.0331
tik,6,0,3,208.4175,313.3535,0.0236,7.247
tik,6,0,4,212.046,311.978,90.2082,2.754
tik,7,0,0,208.193,331.7675,42.3022,2.2985
tik,7,0,1,206.5745,330.997,179.7759,1.537
tik,7,0,2,205.155,331.899,125.9102,2.2199
tik,7,0,3,204.503,333.7585,90.0596,1.921
tik,7,0,4,204.781,334.733,2.8711,0.5587
tik,7,0,5,205.3315,334.7335,177.1525,0.5437
tik,7,0,6,206.575,334.7085,179.3227,1.9441
tik,7,0,7,207.777,334.696,179.7491,0.46
tik,7,0,8,208.528,334.696,0.1108,1.042
tik,8,0,0,219.169,324.9215,178.1925,0.7924
tik,8,0,1,216.808,324.9515,179.4897,3.9301
tik,8,0,2,214.2025,324.9595,0.8503,1.2811
tik,8,0,3,213.5515,328.5305,90.168,7.161
tik,8,0,4,216.5565,332.104,179.8669,6.031
tik,9,0,0,114.7565,284.4815,9.0132,1.3213
tik,9,0,1,113.451,284.4815,170.9936,1.3223
tik,9,0,2,112.21,288.3025,98.9881,7.5274
tik,9,0,3,112.2105,292.32,27.0113,1.3211
tik,9,0,4,113.452,292.7235,9.0064,1.3223
tik,9,0,5,116.113,290.062,125.9879,6.8344
tik,9,0,6,117.821,286.7085,62.9889,1.3211
tik,9,0,7,117.054,285.6525,45.0306,1.3216
tik,10,0,0,165.4935,429.322,89.6701,8.8561
tik,10,0,1,165.2325,420.3565,87.0289,9.0872
tik,10,0,2,163.2195,416.4695,159.8993,3.7856
tik,10,0,3,161.5325,415.167,92.6531,3.9102
tik,10,0,4,162.3365,412.6315,140.7717,1.8422
tik,10,0,5,175.733,411.9795,179.6861,25.3664
tik,10,0,6,195.1275,412.416,4.3115,13.4611
tik,10,0,7,206.9425,407.28,132.1311,15.2155
tik,10,0,8,205.794,395.4505,44.7029,17.5923
tik,10,0,9,198.3615,388.0855,44.9271,3.3347
tik,10,0,10,196.8875,386.667,39.3906,0.7595
tik,10,0,11,196.418,386.329,28.8615,0.4019
tik,10,0,12,196.0375,386.1585,19.769,0.4346
tik,10,0,13,195.577,386.049,8.0038,0.517
tik,10,0,14,190.2635,386.054,179.5355,10.1153
tik,10,0,15,172.569,386.133,179.8277,25.2741
tik,10,0,16,159.706,386.1535,4.4283,0.4533
tik,10,0,17,159.2815,386.053,22.6914,0.4303
tik,10,0,18,158.7345,385.008,70.0865,2.0464
tik,10,0,19,157.8485,380.194,82.0564,7.7786
tik,10,0,20,157.047,373.3805,84.9057,5.9465
tik,10,0,21,155.2315,370.471,178.0806,3.1047
tik,10,0,22,145.245,370.5935,179.5211,16.8706
tik,10,0,23,136.576,370.7255,165.2745,0.4839
tik,10,0,24,136.1645,370.8695,155.0722,0.3915
tik,10,0,25,135.73,371.1385,144.0326,0.6351
tik,10,0,26,132.6485,374.1,135.5064,7.9192
tik,10,0,27,126.9355,379.7075,135.5608,8.0911
tik,10,0,28,122.3305,384.2445,135.201,4.8381
tik,10,0,29,107.936,396.022,141.532,32.385
tik,10,0,30,94.876,406.815,117.9484,1.6301
tik,10,0,31,94.507,408.3095,89.0383,1.5492
tik,10,0,32,99.239,409.0825,179.9818,9.438
tik,10,0,33,105.3935,409.0645,179.3417,2.8712
tik,10,0,34,108.93,409.0335,179.6045,4.2021
tik,10,0,35,111.147,411.155,86.8915,4.2783
tik,10,0,36,113.314,412.872,168.4539,4.1867
tik,10,0,37,115.3595,409.2275,89.9023,6.451
tik,10,0,38,117.8035,405.998,179.9065,4.899
tik,10,0,39,120.6915,405.997,0.3918,0.877
tik,10,0,40,121.111,404.549,89.2498,2.9023
tik,10,0,41,123.351,403.0665,179.2013,4.5184
tik,10,0,42,125.6685,404.6975,87.9848,3.3271
tik,10,0,43,126.3125,406.3605,0.0485,1.171
tik,10,0,44,128.231,406.3615,0.0216,2.666
tik,10,0,45,129.5635,406.002,89.9199,0.72
tik,10,0,46,129.233,405.637,0.8676,0.6601
tik,10,0,47,128.904,405.0805,90.1038,1.103
tik,10,0,48,129.233,404.533,0.6996,0.6561
tik,10,0,49,129.517,402.3575,88.8433,4.3599
tik,10,0,50,127.975,400.1745,0.1339,2.996
tik,10,0,51,126.508,398.3585,90.9799,3.6255
tik,10,0,52,128.0035,396.562,0.6259,2.9292
tik,10,0,53,129.481,395.829,90.9938,1.4982
tik,10,0,54,129.8045,395.09,1.845,0.6213
tik,10,0,55,130.2095,398.9555,88.5959,7.7133
tik,10,0,56,130.5805,402.798,177.308,0.5536
tik,10,0,57,130.8665,404.0725,89.5773,2.5751
tik,10,0,58,130.5995,405.373,177.308,0.5536
tik,10,0,59,130.3495,406.175,88.0766,1.5789
tik,10,0,60,130.523,406.9765,4.8591,0.2951
tik,10,0,61,130.677,407.573,89.3136,1.1681
tik,10,0,62,130.508,408.1615,178.5349,0.3521
tik,10,0,63,131.1385,408.8625,40.8144,2.1312
tik,10,0,64,132.089,409.637,28.4407,0.3275
tik,10,0,65,135.929,409.681,179.473,7.3923
tik,10,0,66,143.419,409.7285,1.2306,7.5897
tik,10,0,67,146.6905,410.901,115.5905,2.4193
tik,10,0,68,149.9625,412.0035,0.1736,7.589
tik,10,0,69,153.6755,410.837,86.0421,2.3616
tik,10,0,70,154.3825,409.7625,7.478,1.5905
tik,10,0,71,155.5045,410.3675,56.3758,1.2045
tik,10,0,72,156.4605,410.8905,1.9781,1.2457
tik,10,0,73,157.027,421.9305,90.2912,22.0373
tik,10,0,74,157.4485,432.979,3.5949,0.9569
tik,10,0,75,158.611,432.9815,177.7007,1.3711
tik,10,0,76,159.2855,433.733,90.7721,1.5581
tik,10,0,77,160.7605,434.512,0.0,2.971
tik,10,0,78,162.243,434.6085,91.7841,0.1931
tik,11,0,0,242.7825,448.0835,90.1439,1.197
tik,11,0,1,243.9645,447.4915,0.3155,2.361
tik,11,0,2,245.1275,444.4345,89.6727,6.1271
tik,11,0,3,245.065,440.6095,86.6182,1.5257
tik,11,0,4,244.6065,437.306,80.7608,5.1508
tik,11,0,5,243.955,434.3095,62.3611,1.0261
tik,11,0,6,243.497,433.481,59.5344,0.8678
tik,11,0,7,243.0685,432.8235,53.667,0.7038
tik,11,0,8,242.616,432.248,50.1178,0.761
tik,11,0,9,241.8135,431.3955,45.1023,1.5825
tik,11,0,10,240.3245,429.9215,44.4719,2.6079
tik,11,0,11,237.745,427.3535,45.0954,4.6719
tik,11,0,12,227.377,416.9685,45.0378,24.6773
tik,11,0,13,215.3515,404.938,44.9437,9.343
tik,11,0,14,206.942,407.28,132.1283,15.2148
tik,11,0,15,195.127,412.416,4.3113,13.4621
tik,11,0,16,188.2575,413.615,95.2778,3.4245
tik,11,0,17,188.263,415.33,3.5114,0.3266
tik,11,0,18,188.237,419.8875,92.38,9.1029
tik,11,0,19,188.0565,428.618,89.8836,8.366
tik,11,0,20,192.2605,433.458,8.9,8.4933
tik,11,0,21,200.3695,433.9645,177.7977,7.8328
tik,11,0,22,204.7595,433.0265,121.1774,1.8409
tik,11,0,23,205.224,431.4155,89.1651,1.6472
tik,11,0,24,205.1985,429.1775,89.453,2.8291
tik,11,0,25,205.1605,425.4455,89.3944,4.6353
tik,11,0,26,205.1345,422.532,89.8562,1.192
tik,11,0,27,205.2145,420.479,93.2015,2.9186
tik,11,0,28,205.106,418.8175,47.1044,0.5583
tik,11,0,29,205.601,417.9585,136.3045,1.8948
tik,11,0,30,206.364,417.395,49.4015,0.2397
tik,11,0,31,206.58,417.2635,121.8079,0.5236
tik,11,0,32,206.5855,416.913,44.01,0.3685
tik,11,0,33,206.855,416.3655,133.78,1.162
tik,11,0,34,208.2815,415.168,142.7871,2.5728
tik,11,0,35,209.0305,414.081,48.2811,0.828
tik,11,0,36,209.1965,413.401,139.9588,1.1534
tik,11,0,37,209.767,413.0005,167.1215,0.2647
tik,11,0,38,210.0545,412.961,176.3892,0.3176
tik,11,0,39,210.318,413.0035,26.5651,0.2348
tik,11,0,40,210.5195,413.144,42.3649,0.2612
tik,11,0,41,211.072,413.714,46.5878,1.327
tik,11,0,42,211.5285,414.348,89.8102,0.304
tik,11,0,43,211.5135,414.656,95.6751,0.3135
tik,11,0,44,211.1785,414.8215,178.2971,0.6393
tik,11,0,45,210.8855,415.2995,86.763,0.9385
tik,11,0,46,213.7865,418.663,45.2036,8.1594
tik,11,0,47,216.5385,421.6795,135.2365,0.3451
tik,11,0,48,216.6005,421.9835,44.6867,0.519
tik,11,0,49,217.0745,421.917,139.3015,0.7637
tik,11,0,50,217.5475,421.5245,141.9744,0.4659
tik,11,0,51,218.069,421.721,45.1683,0.9588
tik,11,0,52,218.243,422.224,135.1751,0.4625
tik,11,0,53,218.1245,422.433,45.3105,0.1294
tik,11,0,54,217.9045,422.7435,135.108,0.7495
tik,11,0,55,217.8695,423.2445,45.7357,0.6605
tik,11,0,56,218.22,423.3625,135.3611,0.3373
tik,11,0,57,221.1265,425.9965,44.6483,7.8335
tik,11,0,58,224.3645,428.5975,161.4513,0.9525
tik,11,0,59,224.9695,428.377,155.7949,0.3366
tik,11,0,60,225.252,428.279,167.3278,0.2645
tik,11,0,61,225.505,428.273,10.5098,0.2522
tik,11,0,62,225.744,428.3545,26.962,0.2581
tik,11,0,63,226.342,428.9395,47.4671,1.429
tik,11,0,64,226.847,429.5625,77.1603,0.198
tik,11,0,65,226.872,429.7855,88.6422,0.2531
tik,11,0,66,226.8335,430.0655,105.1271,0.318
tik,11,0,67,226.711,430.3475,122.2253,0.3038
tik,11,0,68,226.4335,430.656,137.5109,0.533
tik,11,0,69,223.702,433.3415,135.3353,7.1285
tik,11,0,70,221.0775,435.901,148.895,0.2091
tik,11,0,71,220.884,435.9445,5.7639,0.2091
tik,11,0,72,220.628,435.91,8.9738,0.3078
tik,11,0,73,220.982,438.763,80.0251,5.8423
tik,11,0,74,221.357,442.0935,106.1118,0.9441
tik,11,0,75,221.6315,442.4995,173.3187,0.8165
tik,11,0,76,222.3795,442.449,179.4984,0.685
tik,11,0,77,222.721,442.353,89.3843,0.186
tik,11,0,78,223.385,442.2085,175.5718,1.334
tik,11,0,79,224.8805,442.197,2.757,1.6629
tik,11,0,80,225.7135,442.31,88.0368,0.1461
tik,11,0,81,227.354,442.2295,174.6462,3.2904
tik,11,0,82,229.3215,442.2675,30.1643,0.7622
tik,11,0,83,229.656,442.9045,89.3564,0.8911
tik,11,0,84,231.128,443.3535,0.1368,2.934
tik,11,0,85,232.929,446.0145,82.8365,5.3568
tik,11,0,86,234.9895,448.8405,5.574,3.4694
tik,11,0,87,236.7225,448.889,93.1007,0.2403
tik,12,0,0,280.3565,293.7255,0.6016,3.9032
tik,12,0,1,282.2835,291.4265,89.3947,4.6392
tik,12,0,2,282.109,289.434,114.6433,0.7195
tik,12,0,3,281.562,290.174,133.8679,1.1457
tik,12,0,4,280.5885,290.7125,167.7185,1.18
tik,12,0,5,275.7795,290.8495,179.8443,8.465
tik,12,0,6,271.5845,303.7435,89.8332,25.7651
tik,12,0,7,271.6275,319.8635,89.9028,6.475
tik,12,0,8,271.6165,325.335,90.423,4.4681
tik,12,0,9,273.0945,327.5645,179.828,2.989
tik,12,0,10,278.5925,327.5335,179.6207,8.0072
tik,12,0,11,282.529,327.381,61.9992,0.2854
tik,12,0,12,282.383,327.132,57.2853,0.2924
tik,12,0,13,282.188,326.894,44.7502,0.3267
tik,12,0,14,281.8115,326.6165,31.9571,0.6141
tik,12,0,15,281.559,325.351,90.4153,2.2061
tik,12,0,16,280.8605,324.209,3.1597,1.4151
tik,12,0,17,279.83,324.128,7.3849,0.6534
tik,12,0,18,279.245,323.968,24.33,0.5729
tik,12,0,19,278.8005,323.624,50.9246,0.5822
tik,12,0,20,278.5385,323.04,77.6313,0.733
tik,12,0,21,278.4615,321.197,90.0583,2.97
tik,12,0,22,280.4215,319.669,178.7423,3.9179
tik,12,0,23,282.324,309.8925,89.6704,19.4673
tik,12,0,24,280.366,300.181,179.3377,3.8043
tik,13,0,0,284.7995,326.4535,179.9911,6.497
tik,13,0,1,281.8115,326.616,31.8773,0.6135
tik,13,0,2,282.1875,326.893,44.871,0.326
tik,13,0,3,282.382,327.131,57.2903,0.2924
tik,13,0,4,282.528,327.38,61.9992,0.2854
tik,13,0,5,282.6215,328.376,88.255,1.7408
tik,13,0,6,284.7295,329.228,179.5044,4.1632
tik,13,0,7,286.89,328.62,97.626,1.1905
tik,13,0,8,286.9865,327.853,95.647,0.3557
tik,13,0,9,287.0405,327.5525,106.4658,0.2575
tik,13,0,10,287.1635,327.2745,119.2421,0.3542
tik,13,0,11,287.3715,326.9775,130.4529,0.3745
tik,13,0,12,287.594,326.7415,137.2105,0.2753
tik,14,0,0,299.466,346.4835,29.7525,0.8846
tik,14,0,1,300.746,346.721,1.1512,1.7924
tik,14,0,2,301.6485,346.394,91.0794,0.6901
tik,14,0,3,301.9095,346.047,179.55,0.509
tik,14,0,4,302.342,345.9735,158.114,0.3836
tik,14,0,5,302.5635,343.3795,90.988,5.0457
tik,14,0,6,302.375,340.839,4.436,0.4654
tik,14,0,7,302.1425,340.4945,89.9116,0.653
tik,14,0,8,302.0325,340.1705,178.6948,0.2191
tik,14,0,9,301.9225,339.728,89.9352,0.89
tik,14,0,10,302.0135,339.2815,179.0638,0.183
tik,14,0,11,302.118,338.7595,91.4308,1.0413
tik,14,0,12,302.3645,338.2155,174.2512,0.4693
tik,14,0,13,302.59,336.599,89.7124,3.186
tik,14,0,14,302.3755,335.047,168.7699,0.4211
tik,14,0,15,302.149,331.806,89.6508,6.5641
tik,14,0,16,302.336,328.5,173.386,0.4168
tik,14,0,17,302.5625,327.7815,91.6084,1.3896
tik,14,0,18,302.238,327.0535,5.5611,0.6912
tik,14,0,19,301.9025,323.896,90.1559,6.248
tik,14,0,20,302.2085,320.8045,6.2347,0.5985
tik,14,0,21,302.508,320.0345,90.1427,1.605
tik,14,0,22,304.871,319.2385,0.1577,4.722
tik,14,0,23,307.3505,318.868,107.4492,0.7904
tik,14,0,24,307.6475,318.4935,0.8032,0.357
tik,14,0,25,307.8315,318.2865,91.5061,0.4192
tik,14,0,26,307.8455,317.736,91.4278,0.6822
tik,14,0,27,310.638,317.356,179.1974,5.5685
tik,14,0,28,313.415,316.908,89.0189,0.8181
tik,14,0,29,313.825,316.5555,7.7144,0.8416
tik,14,0,30,314.269,313.5785,90.5098,6.0672
tik,14,0,31,314.4615,310.4615,153.2262,0.3708
tik,14,0,32,314.6055,306.4065,89.6898,7.9431
tik,14,0,33,314.929,302.433,179.668,0.69
tik,14,0,34,315.293,299.5735,90.3812,5.7151
tik,14,0,35,314.562,296.7315,178.8158,1.5003
tik,14,0,36,313.805,293.6165,89.8718,6.261
tik,14,0,37,313.1815,290.5645,172.7443,1.243
tik,14,0,38,312.554,288.9185,89.6345,3.4491
tik,14,0,39,312.502,284.4525,89.1432,5.4836
tik,14,0,40,313.117,280.857,127.5298,2.1538
tik,14,0,41,310.182,279.994,0.1434,7.182
tik,14,0,42,306.576,269.7085,89.9164,20.553
tik,14,0,43,309.509,259.4325,0.0098,5.896
tik,14,0,44,314.57,259.536,2.7906,4.231
tik,14,0,45,319.3875,259.615,179.4915,5.4092
tik,14,0,46,324.5655,259.545,178.9348,4.9478
tik,14,0,47,329.3205,259.4875,179.7111,4.563
tik,14,0,48,331.819,259.6405,37.1614,0.5446
tik,14,0,49,332.0345,260.2775,90.1832,0.945
tik,14,0,50,332.15,260.7515,0.7322,0.234
tik,14,0,51,332.269,261.103,89.6728,0.7
tik,14,0,52,337.789,261.437,179.834,11.0361
tik,14,0,53,343.161,260.441,81.5267,1.9817
tik,14,0,54,349.718,259.3995,179.4744,13.4065
tik,14,0,55,356.392,258.302,88.3971,2.0728
tik,14,0,56,356.7125,257.264,179.6748,0.699
tik,14,0,57,356.9205,251.2545,88.6506,12.0183
tik,14,0,58,356.7735,244.644,89.4781,1.206
tik,14,0,59,356.7405,243.403,87.5322,1.2772
tik,14,0,60,356.633,236.707,89.2434,12.1171
tik,14,0,61,356.0095,230.6265,2.3713,1.0879
tik,14,0,62,355.119,230.905,139.061,0.9187
tik,14,0,63,353.5295,231.22,179.3541,2.4852
tik,14,0,64,349.8325,231.136,2.2862,4.9129
tik,14,0,65,347.38,233.609,89.9555,5.142
tik,14,0,66,347.8605,237.0565,61.3692,1.9972
tik,14,0,67,348.3165,238.1725,95.3649,0.4811
tik,14,0,68,348.252,240.8045,91.0059,4.7857
tik,14,0,69,348.2605,244.697,88.0715,3.0017
tik,14,0,70,348.403,248.633,87.8373,4.8755
tik,14,0,71,346.524,251.0755,179.811,3.942
tik,14,0,72,337.958,251.134,179.5482,13.1904
tik,14,0,73,331.3515,251.3025,95.64,0.2341
tik,14,0,74,330.5645,251.4465,177.9693,1.552
tik,14,0,75,329.7645,248.5995,89.5116,5.7492
tik,14,0,76,329.7575,244.7285,91.0062,1.9933
tik,14,0,77,329.782,241.016,90.1477,5.432
tik,14,0,78,329.7765,238.0545,87.0859,0.4916
tik,14,0,79,329.57,236.97,76.9805,1.7223
tik,14,0,80,329.355,232.8865,89.6292,6.4891
tik,14,0,81,328.5055,229.866,164.8709,1.7165
tik,14,0,82,327.171,230.6695,131.1255,1.5387
tik,14,0,83,323.942,231.2385,0.2212,5.4461
tik,14,0,84,321.44,234.8035,86.4629,7.1646
tik,14,0,85,321.3335,238.346,5.7521,0.6583
tik,14,0,86,320.9925,240.832,90.3072,5.0381
tik,14,0,87,321.102,244.809,85.1778,2.9263
tik,14,0,88,321.103,248.738,92.8268,4.948
tik,14,0,89,320.511,251.166,5.2275,0.9439
tik,14,0,90,312.01,251.1635,179.7111,16.0622
tik,14,0,91,303.9425,251.3155,108.1262,0.2346
tik,14,0,92,303.2265,251.426,0.0836,1.359
tik,14,0,93,302.491,248.8765,88.7412,5.0982
tik,14,0,94,302.4585,245.0635,91.0646,2.5294
tik,14,0,95,302.438,241.0685,89.077,5.4617
tik,14,0,96,302.3615,237.963,85.0466,0.7528
tik,14,0,97,302.629,234.1135,94.9347,6.9749
tik,14,0,98,302.626,230.643,179.2441,0.606
tik,14,0,99,302.1015,230.648,179.7395,0.443
tik,14,0,100,301.679,230.579,19.2026,0.4257
tik,14,0,101,300.5655,230.5185,179.4031,1.8251
tik,14,0,102,294.785,230.6305,178.7938,9.7382
tik,14,0,103,289.906,230.419,87.9933,0.6284
tik,14,0,104,288.737,230.085,0.9897,2.3163
tik,14,0,105,287.5575,230.386,93.8318,0.6434
tik,14,0,106,285.643,230.7245,179.4703,3.7862
tik,14,0,107,283.731,231.037,93.6846,0.5912
tik,14,0,108,283.012,231.336,179.6728,1.4
tik,14,0,109,282.32,241.772,89.9561,20.864
tik,14,0,110,282.358,254.513,89.2557,4.6184
tik,14,0,111,282.377,257.944,90.5618,2.2441
tik,14,0,112,282.342,267.052,90.1722,15.9721
tik,14,0,113,282.352,281.8065,89.7122,13.5372
tik,14,0,114,282.3225,288.841,103.4252,0.5469
tik,14,0,115,282.283,291.4265,89.4071,4.6393
tik,14,0,116,286.2905,293.7515,0.0792,7.967
tik,14,0,117,291.3405,294.6955,41.3466,2.8413
tik,14,0,118,292.379,297.4005,90.9081,3.5334
tik,14,0,119,292.197,299.1675,179.8127,0.308
tik,14,0,120,291.9325,299.321,125.8387,0.3775
tik,14,0,121,291.688,299.5985,137.0993,0.3658
tik,14,0,122,291.3605,299.852,146.312,0.4651
tik,14,0,123,290.9345,300.085,155.9026,0.5094
tik,14,0,124,290.474,300.2405,167.272,0.4675
tik,14,0,125,289.4425,300.316,178.289,1.6077
tik,14,0,126,288.5365,309.5455,90.638,18.4122
tik,14,0,127,288.4705,319.7085,87.817,1.9164
tik,14,0,128,288.316,320.679,176.106,0.3829
tik,14,0,129,288.182,321.5255,86.0874,1.6709
tik,14,0,130,288.447,323.2445,76.7815,1.8192
tik,14,0,131,289.053,325.2935,71.1158,2.4594
tik,14,0,132,289.4055,333.0135,90.3976,13.1133
tik,14,0,133,290.3355,339.578,0.4701,1.9511
tik,14,0,134,292.402,340.707,45.7768,3.1285
tik,14,0,135,293.5325,341.908,63.7286,0.1784
tik,14,0,136,293.6755,341.881,134.0469,0.2977
tik,14,0,137,294.4335,342.4335,45.2176,1.8583
tik,14,0,138,294.891,343.2805,136.4162,0.5439
tik,14,0,139,294.771,343.891,79.6839,0.8599
tik,14,0,140,295.5165,344.332,1.5422,1.3375
tik,14,0,141,296.443,345.299,74.7911,1.9669
tik,15,0,0,217.9515,148.304,179.6291,4.0171
tik,15,0,1,219.9745,156.47,89.8984,16.358
tik,15,0,2,219.9925,165.511,89.7677,1.724
tik,15,0,3,220.036,176.4385,89.7723,20.1312
tik,15,0,4,220.09,187.0565,88.5485,1.1053
tik,15,0,5,220.165,187.843,75.3886,0.4837
tik,15,0,6,220.354,188.3385,63.9184,0.5823
tik,15,0,7,220.6645,188.841,52.8658,0.6046
tik,15,0,8,221.117,189.2945,38.2036,0.6872
tik,15,0,9,221.629,189.6315,27.2238,0.5443
tik,15,0,10,222.0945,189.7995,11.0144,0.4554
tik,15,0,11,222.6975,189.8595,2.4888,0.7597
tik,15,0,12,223.627,189.8885,1.3016,1.1003
tik,15,0,13,228.337,189.8925,179.8832,8.32
tik,15,0,14,234.4715,189.848,178.9552,3.9497
tik,15,0,15,236.3905,173.818,89.8012,31.9882
tik,15,0,16,236.3405,139.9295,90.0176,35.789
tik,15,0,17,229.8615,122.0665,179.7216,12.9691
tik,15,0,18,223.112,122.098,0.0,0.53
tik,15,0,19,222.6415,122.1355,169.6611,0.4178
tik,15,0,20,222.225,122.221,167.1828,0.4328
tik,15,0,21,221.816,122.339,160.5276,0.42
tik,15,0,22,221.45,122.4985,151.9559,0.3807
tik,15,0,23,221.0965,122.7495,138.9569,0.4919
tik,15,0,24,220.739,123.095,133.0693,0.5038
tik,15,0,25,220.4225,123.5085,122.1954,0.5424
tik,15,0,26,220.1855,123.9725,111.5274,0.5042
tik,15,0,27,220.0445,124.483,99.967,0.5604
tik,15,0,28,219.9815,125.1125,92.3482,0.7076
tik,15,0,29,219.968,134.1235,89.9934,17.315
tik,15,0,30,217.953,142.9585,174.9682,4.0476
tik,16,0,0,186.966,192.8835,179.6005,14.1983
tik,16,0,1,194.6675,192.8515,1.6639,1.2055
tik,16,0,2,195.4535,192.8875,5.7549,0.3689
tik,16,0,3,195.873,192.987,18.9452,0.499
tik,16,0,4,197.8475,192.4785,161.2687,3.6714
tik,16,0,5,199.4835,191.5875,71.2247,0.6369
tik,16,0,6,199.316,191.0355,75.4533,0.5176
tik,16,0,7,199.219,190.57,81.5349,0.4347
tik,16,0,8,199.15,190.039,83.3211,0.6363
tik,16,0,9,199.069,185.862,89.3471,7.7225
tik,16,0,10,198.9995,181.776,83.5325,0.4529
tik,16,0,11,198.9125,181.317,75.2749,0.4839
tik,16,0,12,198.771,180.879,68.5879,0.4382
tik,16,0,13,198.5945,180.4745,64.2977,0.445
tik,16,0,14,198.3685,180.081,56.1399,0.4649
tik,16,0,15,198.1175,179.7275,52.873,0.4026
tik,16,0,16,196.773,178.9205,27.8617,2.7667
tik,16,0,17,195.35,178.2595,4.1456,0.401
tik,16,0,18,194.293,178.2335,0.7691,1.7142
tik,16,0,19,193.3745,176.2965,88.1706,3.853
tik,16,0,20,192.9835,174.3845,177.6531,0.6595
tik,16,0,21,191.951,174.119,21.646,1.5127
tik,16,0,22,185.3905,173.8985,179.4279,11.7156
tik,16,0,23,177.967,173.966,179.6706,3.1321
tik,16,0,24,170.5835,174.1505,178.272,11.6403
tik,16,0,25,164.774,174.406,84.2927,0.1608
tik,16,0,26,162.901,174.4875,179.9545,3.762
tik,16,0,27,161.145,176.4345,86.3237,3.899
tik,16,0,28,160.89,178.419,174.1399,0.764
tik,16,0,29,160.2145,178.5505,162.6187,0.6193
tik,16,0,30,158.8615,179.899,130.0961,3.2838
tik,16,0,31,157.7975,183.6605,90.1486,5.011
tik,16,0,32,157.792,187.909,89.9671,3.486
tik,16,0,33,159.094,191.323,52.0966,4.2355
tik,16,0,34,160.651,193.03,8.0036,0.517
tik,16,0,35,161.1495,193.0795,3.1874,0.4857
tik,17,0,0,322.047,261.3145,91.4964,3.4462
tik,17,0,1,319.3875,259.616,179.4915,5.4092
tik,17,0,2,316.5195,261.3105,95.5899,3.357
tik,18,0,0,117.234,261.2975,134.5676,1.7813
tik,18,0,1,117.0185,262.4385,51.0448,1.3027
tik,18,0,2,117.625,262.777,139.5426,0.5178
tik,18,0,3,119.184,262.6475,1.6191,2.7251
tik,18,0,4,121.8745,261.155,130.9492,4.0541
tik,18,0,5,122.579,258.8675,50.4824,1.9613
tik,18,0,6,121.889,257.8185,77.2841,0.5997
tik,18,0,7,121.825,257.346,90.6374,0.36
tik,18,0,8,121.8825,256.78,98.182,0.7799
tik,18,0,9,120.378,254.6415,48.3257,4.6925
tik,18,0,10,118.416,252.3305,54.2543,1.3763
tik,18,0,11,117.719,251.568,34.6663,0.7173
tik,18,0,12,117.055,251.216,21.8543,0.7951
tik,18,0,13,114.7745,252.71,139.3371,5.0398
tik,18,0,14,114.001,255.863,53.015,3.7832
tik,19,0,0,207.7575,100.5745,90.1936,13.3171
tik,19,0,1,208.648,107.2345,0.0948,1.826
tik,19,0,2,209.766,107.1555,158.5591,0.4405
tik,19,0,3,211.1925,106.969,175.0403,2.4522
tik,19,0,4,212.2835,106.145,79.6986,1.4595
tik,19,0,5,212.195,105.045,96.2745,0.7686
tik,19,0,6,212.942,102.085,105.2946,5.3453
tik,19,0,7,213.6255,96.6925,89.5623,5.6292
tik,20,0,0,156.139,146.023,4.5563,0.7303
tik,20,0,1,163.591,145.979,179.4098,14.1768
tik,20,0,2,171.68,146.049,8.1304,2.0223
tik,20,0,3,175.408,146.0955,177.9734,5.4574
tik,20,0,4,181.893,146.0365,0.5716,7.5164
tik,20,0,5,186.065,146.034,174.4821,0.8318
tik,20,0,6,190.2375,145.992,179.9695,7.517
tik,20,0,7,194.744,145.7705,163.6457,1.5591
tik,20,0,8,195.5555,144.28,92.8601,2.5452
tik,20,0,9,196.568,142.7395,164.1464,1.9731
tik,20,0,10,198.236,141.892,141.204,1.845
tik,20,0,11,199.4995,140.4335,121.7325,2.0705
tik,20,0,12,200.2505,138.842,106.1956,1.4808
tik,20,0,13,200.4725,137.055,90.825,2.1522
tik,20,0,14,200.473,132.8335,89.7268,6.2911
tik,20,0,15,198.6635,127.823,46.1037,5.1763
tik,20,0,16,195.027,125.182,22.8449,3.9976
tik,20,0,17,189.361,124.4055,0.0073,7.648
tik,20,0,18,184.325,124.3575,2.2444,2.4259
tik,20,0,19,176.0195,124.368,179.5315,14.1875
tik,20,0,20,168.4155,124.95,134.2521,1.4631
tik,20,0,21,167.9375,129.084,89.4842,7.2203
tik,20,0,22,170.705,132.6535,179.1514,5.4706
tik,20,0,23,173.4455,135.378,89.8862,5.53
tik,20,0,24,164.649,138.225,179.4662,17.6048
tik,21,0,0,273.249,437.0015,0.7656,3.0683
tik,21,0,1,271.743,447.844,89.8523,21.7261
tik,21,0,2,271.7935,465.649,89.8144,13.8841
tik,21,0,3,271.816,472.856,90.0,0.53
tik,21,0,4,271.795,473.3305,95.723,0.4211
tik,21,0,5,271.7355,473.7115,102.6521,0.3515
tik,21,0,6,271.604,474.075,115.8452,0.4267
tik,21,0,7,271.3965,474.4035,129.9903,0.3563
tik,21,0,8,271.1995,474.6275,133.3123,0.2405
tik,21,0,9,270.984,474.7705,157.3512,0.2883
tik,21,0,10,266.716,474.795,0.4295,8.2702
tik,21,0,11,262.5835,476.402,89.9125,3.276
tik,21,0,12,266.294,478.033,179.8918,7.416
tik,21,0,13,270.3285,477.995,174.5767,0.656
tik,21,0,14,270.9735,477.9005,168.7246,0.6495
tik,21,0,15,271.5385,477.7555,161.7048,0.5193
tik,21,0,16,272.092,477.519,153.2104,0.6878
tik,21,0,17,272.6495,477.188,144.9095,0.6123
tik,21,0,18,273.1145,476.8265,139.1456,0.5672
tik,21,0,19,273.526,476.417,131.3315,0.5966
tik,21,0,20,273.913,475.9365,126.5292,0.6384
tik,21,0,21,274.25,475.4245,119.9141,0.5895
tik,21,0,22,274.491,474.866,107.2344,0.6345
tik,21,0,23,274.6335,474.287,99.965,0.5605
tik,21,0,24,274.7245,472.6855,91.8369,2.6524
tik,21,0,25,274.763,465.029,89.9638,12.662
tik,22,0,0,94.507,408.3095,89.0383,1.5492
tik,22,0,1,93.0985,407.56,178.9736,2.7914
tik,22,0,2,80.2645,407.558,0.1352,22.8771
tik,22,0,3,68.371,407.5225,1.0711,0.9102
tik,22,0,4,67.614,407.463,9.5843,0.6126
tik,22,0,5,66.9925,407.322,15.7327,0.6639
tik,22,0,6,66.369,407.0955,24.1803,0.6665
tik,22,0,7,65.8395,406.8305,29.677,0.5191
tik,22,0,8,65.3735,406.5085,38.8186,0.6174
tik,22,0,9,64.462,405.599,46.8584,1.9626
tik,22,0,10,63.214,404.198,49.8913,1.7913
tik,22,0,11,62.131,402.886,51.0958,1.6114
tik,22,0,12,61.0545,402.751,139.2256,1.5067
tik,22,0,13,62.2555,405.2805,48.9948,5.3999
tik,22,0,14,65.8935,408.203,25.368,4.1314
tik,22,0,15,68.182,409.1035,2.1039,0.8446
tik,23,0,0,135.673,253.5815,139.3711,7.4498
tik,23,0,1,138.1545,251.3285,153.4684,0.7723
tik,23,0,2,136.334,251.3645,5.2868,2.9626
tik,23,0,3,134.575,250.993,39.607,0.7372
tik,23,0,4,133.1035,251.7785,139.3255,3.1315
tik,23,0,5,132.4045,253.372,49.5516,1.5059
tik,23,0,6,132.9345,254.1665,79.3877,0.4507
tik,23,0,7,132.9725,254.6365,90.8074,0.497
tik,24,0,0,157.4015,321.486,154.6699,0.4768
tik,24,0,1,157.88,321.2985,161.9919,0.5531
tik,24,0,2,158.409,321.147,166.0663,0.5481
tik,24,0,3,159.111,321.0585,177.0449,0.8732
tik,24,0,4,162.949,321.036,0.0,6.804
tik,24,0,5,166.349,319.869,89.9019,2.334
tik,24,0,6,163.0175,318.6995,0.0431,6.659
tik,24,0,7,159.254,318.325,40.6021,1.1432
tik,24,0,8,158.8355,317.756,94.4976,0.3952
tik,24,0,9,153.8945,321.869,138.9909,13.1367
tik,24,0,10,149.1955,326.1465,172.8063,0.5191
tik,24,0,11,149.64,326.1485,10.4529,0.3803
tik,24,0,12,149.9795,326.251,24.0305,0.3339
tik,24,0,13,150.3845,326.4925,34.495,0.6127
tik,24,0,14,150.8535,326.8765,44.1944,0.6039
tik,24,0,15,151.252,329.468,85.6289,4.7759
tik,24,0,16,152.573,331.7645,175.7577,2.2843
tik,24,0,17,153.528,329.349,85.4867,4.6765
tik,24,0,18,153.6555,325.5095,101.6674,3.0807
tik,24,0,19,155.314,325.2665,43.2132,3.6964
tik,24,0,20,156.8265,326.697,44.9127,0.4674
tik,24,0,21,157.7735,326.0545,134.0628,2.2475
tik,24,0,22,158.4025,325.095,44.9038,0.4306
tik,24,0,23,156.977,323.5975,46.5862,3.7045
tik,25,0,0,236.148,424.8385,143.9566,1.3035
tik,25,0,1,235.859,425.4605,45.0605,0.6739
tik,25,0,2,236.2995,425.9025,45.141,0.5742
tik,25,0,3,236.985,425.711,140.7233,1.2479
tik,25,0,4,237.084,425.287,4.3187,0.7702
tik,26,0,0,205.3055,378.5015,179.1771,3.1333
tik,26,0,1,199.128,378.4985,0.3168,9.2221
tik,26,0,2,189.933,378.493,179.7501,9.1681
tik,26,0,3,179.2635,378.5045,0.08,12.171
tik,26,0,4,166.6125,378.5195,179.7949,13.1311
tik,26,0,5,159.7525,378.524,3.6908,0.5902
tik,26,0,6,159.2605,378.4645,11.5876,0.4032
tik,26,0,7,158.385,377.842,40.6433,1.7871
tik,26,0,8,157.6065,377.0435,65.0986,0.4774
tik,26,0,9,157.4085,376.5845,68.0961,0.5227
tik,26,0,10,157.8485,380.194,82.0564,7.7786
tik,26,0,11,158.431,383.7535,98.7472,0.5919
tik,26,0,12,158.5675,383.184,108.2795,0.5834
tik,26,0,13,158.8125,382.6415,120.0355,0.6134
tik,26,0,14,159.118,382.1795,127.7216,0.4969
tik,26,0,15,159.468,381.8015,137.49,0.5372
tik,26,0,16,159.884,381.451,142.2154,0.5517
tik,26,0,17,160.335,381.178,155.9472,0.5103
tik,26,0,18,160.7495,381.0075,159.8786,0.3866
tik,26,0,19,161.1,380.894,164.4568,0.3508
tik,26,0,20,161.674,380.824,176.7504,0.8113
tik,26,0,21,166.151,380.817,0.2251,8.1441
tik,26,0,22,179.4465,380.8155,179.8913,18.447
tik,26,0,23,198.189,380.799,0.006,19.038
tik,26,0,24,208.0095,380.79,178.0999,0.6033
tik,27,0,0,235.128,253.6205,146.6677,3.3321
tik,27,0,1,236.5225,252.1705,90.2682,1.069
tik,27,0,2,236.5335,250.805,90.586,1.6621
tik,27,0,3,234.3905,251.836,139.1257,5.6907
tik,27,0,4,232.5,253.754,12.11,0.5339
tik,27,0,5,232.917,253.8945,28.4429,0.3548
tik,27,0,6,233.2025,254.061,32.3437,0.3065
tik,27,0,7,233.469,254.257,39.7638,0.3565
tik,28,0,0,234.1875,215.095,89.8107,16.0361
tik,28,0,1,234.174,233.598,90.2185,20.9702
tik,28,0,2,236.292,242.211,139.0592,5.7136
tik,28,0,3,238.122,240.174,26.7035,0.7343
tik,28,0,4,237.597,239.857,37.6545,0.4977
tik,28,0,5,237.235,239.503,50.7562,0.5216
tik,28,0,6,236.9635,239.0945,62.7181,0.4647
tik,28,0,7,236.7705,238.694,65.9686,0.4248
tik,28,0,8,236.6295,238.2985,74.8666,0.4175
tik,28,0,9,236.5485,237.9405,80.3901,0.3174
tik,28,0,10,236.468,230.097,89.5975,15.3744
tik,28,0,11,236.4295,215.562,90.1296,13.696
tik,29,0,0,236.5195,252.837,90.2169,0.266
tik,29,0,1,235.128,253.62,146.6533,3.3327
tik,29,0,2,233.803,254.62,51.4228,0.2149
tik,29,0,3,233.969,254.8785,60.4324,0.4013
tik,29,0,4,234.135,255.234,69.6868,0.386
tik,29,0,5,234.2405,255.663,81.1762,0.5019
tik,29,0,6,234.276,259.604,90.0465,7.386
tik,29,0,7,235.3875,263.321,1.2337,2.2295
tik,29,0,8,236.5015,263.184,89.8208,0.322
tik,29,0,9,236.502,262.683,90.1684,0.68
tik,29,0,10,236.5965,262.2685,141.4567,0.2391
tik,29,0,11,236.82,261.9,113.853,0.6429
tik,29,0,12,237.1135,261.3465,122.2139,0.6134
tik,29,0,13,237.483,260.827,128.3908,0.6634
tik,29,0,14,237.9065,260.3555,135.8008,0.6068
tik,29,0,15,238.3685,259.9775,145.7451,0.5916
tik,29,0,16,238.697,258.027,92.6958,3.5719
tik,29,0,17,238.542,256.092,32.285,0.5654
tik,29,0,18,238.0985,255.7565,42.0585,0.5509
tik,29,0,19,237.7255,255.354,52.2981,0.5511
tik,29,0,20,237.378,254.9115,51.432,0.5742
tik,29,0,21,237.0675,254.409,64.6861,0.6151
tik,29,0,22,236.793,253.7615,68.8427,0.7924
tik,29,0,23,236.584,253.382,8.6107,0.1335
tik,30,0,0,232.1075,201.8495,157.8026,0.405
tik,30,0,1,231.692,201.9775,167.272,0.4675
tik,30,0,2,222.3205,201.011,6.3529,18.4
tik,30,0,3,210.529,200.036,179.0697,5.2967
tik,30,0,4,207.5175,200.059,3.1499,0.7281
tik,30,0,5,203.709,196.596,44.9834,9.7411
tik,30,0,6,200.0595,192.815,58.8239,0.7901
tik,30,0,7,199.72,192.1825,65.3735,0.648
tik,30,0,8,197.847,192.4775,161.2637,3.6705
tik,30,0,9,196.5915,193.274,23.2199,1.0501
tik,30,0,10,197.3965,193.6985,33.9968,0.778
tik,30,0,11,201.017,197.768,49.4305,10.1419
tik,30,0,12,204.784,201.8045,21.4754,1.008
tik,30,0,13,205.694,202.086,12.4049,0.9031
tik,30,0,14,206.453,202.2305,8.4956,0.6431
tik,30,0,15,207.432,202.291,1.1267,1.3223
tik,30,0,16,210.9675,202.278,179.4818,5.7492
tik,30,0,17,214.8455,202.2305,178.7726,2.0075
tik,30,0,18,216.4385,202.2465,3.639,1.1814
tik,30,0,19,217.6775,202.3595,6.6306,1.3077
tik,30,0,20,219.111,202.5395,7.5927,1.5819
tik,30,0,21,222.903,203.135,9.2707,6.0956
tik,30,0,22,228.4225,203.9985,8.4364,5.078
tik,30,0,23,231.4045,204.4865,13.7936,0.9689
tik,30,0,24,232.0255,204.661,21.4037,0.3233
tik,31,0,0,241.857,202.6,179.3862,0.188
tik,31,0,1,241.7735,203.7295,89.467,2.2571
tik,31,0,2,242.753,204.8495,179.4975,1.9381
tik,31,0,3,245.5715,204.8505,0.294,3.6991
tik,31,0,4,247.4225,203.733,90.0764,2.254
tik,31,0,5,247.2355,202.608,179.3925,0.377
tik,31,0,6,246.9965,202.6095,0.554,0.101
tik,31,0,7,247.0125,202.529,129.7367,0.2081
tik,31,0,8,247.2595,202.2905,138.711,0.4804
tik,31,0,9,246.62,201.299,45.4503,2.3378
tik,31,0,10,245.254,200.939,139.098,1.4448
tik,31,0,11,244.3895,201.629,145.7317,0.7708
tik,31,0,12,243.8255,201.97,153.2032,0.5501
tik,31,0,13,243.331,202.2015,156.6492,0.5424
tik,31,0,14,242.793,202.4545,153.2754,0.6471
tik,32,0,0,233.6525,118.255,99.6582,0.7689
tik,32,0,1,233.825,118.65,3.8638,0.4751
tik,32,0,2,234.068,119.4325,89.5518,1.533
tik,32,0,3,233.9395,120.501,114.0061,0.6612
tik,32,0,4,233.6835,121.0025,121.3428,0.4672
tik,32,0,5,233.2945,121.4475,137.456,0.7262
tik,32,0,6,232.714,121.874,149.96,0.7231
tik,32,0,7,234.373,122.045,179.7096,3.9441
tik,32,0,8,236.3235,121.0315,88.7726,2.0074
tik,32,0,9,236.3225,119.6645,93.2278,0.7282
tik,32,0,10,236.3835,118.839,95.0096,0.9275
tik,33,0,0,230.8975,397.6355,131.3318,4.1777
tik,33,0,1,231.886,396.113,173.2905,0.7874
tik,33,0,2,229.3565,394.976,28.9509,4.8878
tik,33,0,3,226.2965,392.864,45.2322,2.617
tik,33,0,4,224.5505,392.703,137.0318,2.2535
tik,33,0,5,223.97,393.715,45.0009,0.6901
tik,33,0,6,224.351,394.0955,44.8945,0.3868
tik,33,0,7,224.4955,394.396,87.3817,0.3283
tik,33,0,8,224.556,394.719,71.5642,0.3352
tik,33,0,9,224.638,395.1195,83.1527,0.4865
tik,33,0,10,224.714,396.0595,86.1508,1.4002
tik,33,0,11,224.742,397.053,93.6846,0.5912
tik,33,0,12,224.6445,397.605,106.9847,0.5374
tik,33,0,13,225.134,398.448,45.8935,1.6322
tik,33,0,14,225.7875,398.958,138.3633,0.2288
tik,33,0,15,227.06,398.6135,167.2545,2.434
tik,33,0,16,228.39,398.2915,159.4858,0.3054
tik,33,0,17,228.61,398.314,44.6257,0.2164
tik,34,0,0,256.485,444.4905,91.2273,6.1624
tik,34,0,1,256.3515,441.945,110.4499,1.142
tik,34,0,2,256.0145,442.7415,117.7363,0.5909
tik,34,0,3,254.384,444.1095,143.4569,3.7167
tik,34,0,4,252.6335,445.249,172.6977,0.5192
tik,34,0,5,250.8295,445.281,0.037,3.093
tik,34,0,6,248.8785,445.21,9.8179,0.821
tik,34,0,7,248.2195,445.035,22.4209,0.5506
tik,34,0,8,247.716,444.7725,32.3135,0.5893
tik,34,0,9,247.1905,444.4125,36.2174,0.6855
tik,34,0,10,246.6565,443.978,42.0182,0.6932
tik,34,0,11,246.1085,443.3675,52.4941,0.9543
tik,34,0,12,245.6915,442.7695,60.0439,0.5067
tik,34,0,13,245.4475,442.2945,65.3031,0.5624
tik,34,0,14,245.2205,441.705,71.849,0.703
tik,34,0,15,245.1285,444.435,89.6727,6.1281
tik,34,0,16,249.6655,447.5365,0.4755,9.0393
tik,35,0,0,283.8515,432.9235,91.5763,0.7633
tik,35,0,1,283.856,432.1875,89.0309,0.7091
tik,35,0,2,282.4165,431.885,177.9224,2.8689
tik,35,0,3,279.65,431.9735,178.4316,2.667
tik,35,0,4,277.7445,432.011,179.9,1.145
tik,35,0,5,275.973,431.6595,16.3832,2.4995
tik,35,0,6,274.55,431.1095,41.401,0.5973
tik,35,0,7,274.1415,430.5865,60.4554,0.7483
tik,35,0,8,273.735,429.884,59.5078,0.875
tik,35,0,9,273.3595,429.2425,59.8707,0.6116
tik,35,0,10,273.0635,428.7625,56.5249,0.5167
tik,35,0,11,272.7255,428.326,48.5043,0.5901
tik,35,0,12,272.296,427.9015,41.0127,0.6202
tik,35,0,13,271.8155,427.5145,36.6645,0.6146
tik,35,0,14,271.304,427.1775,30.082,0.6125
tik,35,0,15,267.079,426.3635,9.4694,8.0294
tik,35,0,16,262.955,425.544,44.1123,0.4568
tik,35,0,17,262.6005,425.1105,55.2387,0.6683
tik,35,0,18,262.443,427.5095,89.2927,5.3474
tik,35,0,19,262.764,429.8735,132.9385,0.8455
tik,35,0,20,263.3015,429.345,138.7241,0.664
tik,35,0,21,263.76,428.9935,147.6265,0.4949
tik,35,0,22,264.167,428.7905,160.4002,0.4204
tik,35,0,23,266.5875,428.688,179.1752,4.4455
tik,35,0,24,268.9245,428.6725,8.2012,0.2314
tik,35,0,25,269.2425,428.72,8.6608,0.4117
tik,35,0,26,269.6705,428.837,20.9613,0.4808
tik,35,0,27,270.087,429.0165,25.9645,0.4271
tik,35,0,28,270.462,429.2395,35.2856,0.4484
tik,35,0,29,270.7995,429.522,44.7185,0.4349
tik,35,0,30,271.109,429.8705,51.5919,0.499
tik,35,0,31,273.0415,431.7325,43.154,4.8731
tik,35,0,32,276.523,433.415,0.5382,3.4081
tik,35,0,33,279.6,433.42,179.5409,2.7461
tik,36,0,0,271.6265,319.8635,89.9028,6.475
tik,36,0,1,271.531,316.9455,105.7338,0.6639
tik,36,0,2,271.3035,317.527,117.691,0.5918
tik,36,0,3,270.9905,317.9565,136.3328,0.4852
tik,36,0,4,270.638,318.2495,144.6647,0.4339
tik,36,0,5,270.2995,318.4545,153.7868,0.36
tik,36,0,6,269.989,318.593,158.4012,0.3205
tik,36,0,7,267.11,318.671,179.6013,5.4602
tik,36,0,8,264.1395,318.6075,18.9319,0.5085
tik,36,0,9,263.6735,318.397,29.5822,0.5186
tik,36,0,10,263.281,318.1355,38.6375,0.4276
tik,36,0,11,262.9725,317.829,50.7213,0.447
tik,36,0,12,262.568,317.241,57.6357,0.9826
tik,36,0,13,262.3125,319.8545,89.8583,6.057
tik,36,0,14,262.513,322.488,116.0412,0.8793
tik,36,0,15,262.8455,321.9165,128.3211,0.4499
tik,36,0,16,263.119,321.6155,137.1061,0.3658
tik,36,0,17,263.456,321.3685,148.8889,0.4742
tik,36,0,18,263.8695,321.1555,156.7353,0.4583
tik,36,0,19,264.2685,321.031,169.7768,0.3831
tik,36,0,20,264.6295,320.9665,169.9724,0.3504
tik,36,0,21,267.252,320.9635,0.6434,4.9003
tik,36,0,22,269.867,321.039,16.2173,0.3437
tik,36,0,23,270.24,321.1765,23.2827,0.4529
tik,36,0,24,270.631,321.3955,35.2856,0.4484
tik,36,0,25,270.956,321.6985,50.7007,0.4484
tik,36,0,26,271.2235,322.0485,54.5843,0.4331
tik,36,0,27,271.4215,322.3965,67.0869,0.3724
tik,37,0,0,266.3095,259.1305,171.6211,0.6519
tik,37,0,1,271.469,259.084,0.0119,9.674
tik,37,0,2,278.575,259.068,179.5704,4.5381
tik,37,0,3,281.605,259.0585,0.5652,1.5221
tik,37,0,4,282.377,257.944,90.5618,2.2441
tik,37,0,5,281.605,256.828,179.5612,1.5661
tik,37,0,6,278.428,256.828,0.1435,4.788
tik,37,0,7,271.338,256.841,179.7682,9.3921
tik,37,0,8,266.4225,256.8325,7.1402,0.4424
tik,37,0,9,265.956,256.733,16.252,0.5146
tik,37,0,10,265.342,256.513,21.9626,0.7914
tik,37,0,11,264.64,256.167,30.5862,0.7783
tik,37,0,12,264.0645,255.7755,38.8195,0.6173
tik,37,0,13,263.6125,255.365,45.7345,0.606
tik,37,0,14,262.83,254.241,57.8076,2.1435
tik,37,0,15,262.2755,257.936,89.7946,9.204
tik,37,0,16,262.7625,261.759,121.1316,1.8201
tik,37,0,17,263.475,260.7285,133.8982,0.698
tik,37,0,18,263.973,260.2485,138.2482,0.6863
tik,37,0,19,264.561,259.8255,149.6359,0.7696
tik,37,0,20,265.1095,259.5305,155.0995,0.4774
tik,38,0,0,274.601,186.5855,37.9678,0.7103
tik,38,0,1,268.749,186.028,3.4815,11.1646
tik,38,0,2,262.721,185.961,149.1851,1.0619
tik,38,0,3,262.282,187.7075,89.3395,2.9492
tik,38,0,4,262.714,188.819,138.8241,1.1027
tik,38,0,5,263.415,188.246,143.7116,0.7097
tik,38,0,6,267.4255,187.613,173.5205,7.4969
tik,38,0,7,271.5105,187.348,23.6682,0.7872
tik,38,0,8,272.286,187.754,30.8617,0.9669
tik,38,0,9,273.021,188.246,37.3266,0.8048
tik,38,0,10,273.602,188.7385,43.595,0.7208
tik,38,0,11,274.122,189.2615,46.6629,0.7548
tik,38,0,12,277.347,192.942,48.9501,9.0328
tik,38,0,13,280.569,196.649,49.6188,0.7903
tik,38,0,14,281.0285,197.2455,55.4455,0.7176
tik,38,0,15,281.3795,197.8155,61.7509,0.6232
tik,38,0,16,281.6355,198.3815,69.5825,0.6221
tik,38,0,17,281.809,198.9235,75.4533,0.5176
tik,38,0,18,281.913,199.4215,81.0448,0.5011
tik,38,0,19,281.956,199.95,89.1849,0.5621
tik,38,0,20,281.936,200.578,93.9569,0.6957
tik,38,0,21,281.7825,201.373,106.1228,0.9327
tik,38,0,22,281.183,202.677,118.7696,1.9531
tik,38,0,23,283.2225,201.3255,138.6633,6.6845
tik,38,0,24,282.766,195.712,48.95,9.0328
tik,38,0,25,277.8135,190.0205,49.0038,6.0563
tik,38,0,26,275.602,187.4955,46.7874,0.6572
tik,39,0,0,125.9085,263.3765,110.6405,4.2071
tik,39,0,1,126.351,261.4845,165.6472,0.6173
tik,39,0,2,125.8395,261.566,178.6508,0.4251
tik,39,0,3,125.492,261.542,12.1267,0.2762
tik,39,0,4,125.166,261.462,14.9485,0.3954
tik,39,0,5,124.793,261.324,25.5504,0.4035
tik,39,0,6,123.9075,260.4305,48.9024,2.1404
tik,39,0,7,121.875,261.155,130.9599,4.0547
tik,39,0,8,121.0655,263.3205,50.6905,1.6401
tik,39,0,9,122.461,264.3125,22.2014,1.8923
tik,40,0,0,284.7995,326.4535,179.9911,6.497
tik,40,0,1,288.75,326.455,0.1631,1.404
tik,40,0,2,289.0535,325.2935,71.0936,2.4597
tik,40,0,3,285.111,324.189,179.0461,7.089
tik,41,0,0,322.446,278.856,88.6691,4.2191
tik,41,0,1,319.703,276.7805,179.2877,5.3884
tik,41,0,2,317.0255,278.9245,89.5522,4.2211
tik,41,0,3,316.9415,281.1945,122.2133,0.377
tik,41,0,4,316.7355,281.4545,136.3918,0.2914
tik,41,0,5,316.4845,281.6305,152.5763,0.3279
tik,41,0,6,314.4,281.7085,179.9261,3.878
tik,41,0,7,312.5025,284.4525,89.1327,5.4836
tik,41,0,8,313.493,287.194,0.0,1.898
tik,41,0,9,318.3785,284.664,147.2711,9.3588
tik,41,0,10,322.38,281.854,103.0698,0.5749
tik,42,0,0,311.8805,111.824,54.5204,0.56
tik,42,0,1,311.5155,111.3425,51.3827,0.6489
tik,42,0,2,310.0065,110.376,28.6229,2.9768
tik,42,0,3,308.3975,109.6115,9.6614,0.6137
tik,42,0,4,307.7715,109.5645,179.2028,0.6471
tik,42,0,5,285.138,109.594,179.9358,44.62
tik,42,0,6,262.6995,109.5795,17.0817,0.2689
tik,42,0,7,262.424,109.3625,50.3727,0.4609
tik,42,0,8,262.2595,112.0745,90.347,5.7791
tik,42,0,9,262.3925,114.571,110.9546,0.8416
tik,42,0,10,262.6965,113.9125,120.0348,0.6134
tik,42,0,11,263.031,113.427,129.4449,0.5698
tik,42,0,12,263.3905,113.0125,132.5428,0.528
tik,42,0,13,263.7805,112.659,143.066,0.5292
tik,42,0,14,264.2115,112.3735,150.0454,0.5067
tik,42,0,15,264.859,112.099,160.9234,0.9057
tik,42,0,16,265.522,111.9325,175.5003,0.4715
tik,42,0,17,271.698,111.8925,179.7927,11.8821
tik,42,0,18,280.6945,111.8815,0.1969,6.111
tik,42,0,19,288.8475,111.9055,0.1518,10.195
tik,42,0,20,296.2995,111.9,179.5377,4.7091
tik,42,0,21,303.3445,111.8725,179.8962,9.381
tik,42,0,22,308.2685,111.9135,11.9686,0.4774
tik,42,0,23,308.7265,112.049,20.9613,0.4808
tik,42,0,24,309.153,112.235,26.3343,0.4508
tik,42,0,25,309.509,112.488,44.8149,0.4342
tik,42,0,26,309.811,112.804,47.764,0.4403
tik,42,0,27,310.0995,113.209,59.8598,0.5596
tik,42,0,28,310.325,113.7135,72.057,0.5519
tik,42,0,29,310.4375,114.175,82.1327,0.4018
tik,42,0,30,310.4595,114.5375,91.9243,0.3272
tik,42,0,31,310.424,114.947,96.9526,0.4956
tik,42,0,32,310.2525,115.55,111.6222,0.7681
tik,42,0,33,308.947,116.58,149.9649,2.6891
tik,42,0,34,305.8885,117.228,0.7559,3.7893
tik,42,0,35,298.9925,117.1965,0.0745,10.003
tik,42,0,36,292.425,117.1765,0.4941,3.1321
tik,42,0,37,290.894,118.3425,88.3009,2.36
tik,42,0,38,299.3445,119.5095,179.9149,16.831
tik,42,0,39,310.1695,116.4315,128.1675,7.7982
tik,42,0,40,312.472,113.006,73.4455,0.7511
tik,43,0,0,289.9715,117.194,177.9352,1.7761
tik,43,0,1,286.252,114.811,40.4559,7.4438
tik,43,0,2,283.432,112.278,95.803,0.2372
tik,43,0,3,283.5105,112.12,148.9763,0.1552
tik,43,0,4,283.6635,111.9855,132.4706,0.2562
tik,43,0,5,280.6945,111.8805,0.1969,6.111
tik,43,0,6,278.1435,111.993,13.7018,1.0386
tik,43,0,7,284.0645,115.814,34.3224,13.117
tik,43,0,8,290.205,119.5165,0.3562,1.448
tik,44,0,0,298.552,111.9545,144.1233,0.2542
tik,44,0,1,296.3005,111.899,179.5377,4.7091
tik,44,0,2,294.3525,112.0915,23.1129,0.8839
tik,44,0,3,294.628,114.6355,93.163,4.7482
tik,44,0,4,294.2445,117.0975,160.0795,0.5371
tik,44,0,5,298.993,117.1955,0.0745,10.002
tik,44,0,6,303.546,117.0725,16.1223,0.9327
tik,44,0,7,302.8525,116.802,29.8717,0.5662
tik,44,0,8,302.3105,116.446,35.947,0.7325
tik,44,0,9,300.183,114.406,44.906,5.1704
tik,44,0,10,298.3325,112.457,81.0632,0.2511
tik,44,0,11,298.327,112.2445,98.9858,0.1792
tik,45,0,0,213.6125,318.732,0.0,0.381
tik,45,0,1,213.5295,319.8835,84.6666,2.313
tik,45,0,2,214.276,321.035,0.0,1.278
tik,45,0,3,214.9065,321.478,91.0991,0.8861
tik,45,0,4,216.7905,321.9915,2.1333,3.7876
tik,45,0,5,218.667,321.5495,88.212,1.0255
tik,45,0,6,219.8675,321.0305,179.6938,2.433
tik,45,0,7,221.0945,319.8615,90.5174,2.3251
tik,45,0,8,220.8515,318.6995,179.8896,0.507
tik,45,0,9,220.192,318.702,179.7179,0.812
tik,45,0,10,219.605,318.3735,61.2918,0.7536
tik,45,0,11,219.197,317.872,36.992,0.5684
tik,45,0,12,218.8085,317.515,49.0324,0.4927
tik,45,0,13,217.055,317.356,179.0281,3.1844
tik,45,0,14,215.2885,317.593,129.724,0.5461
tik,45,0,15,214.935,317.955,139.6648,0.4697
tik,45,0,16,214.5495,318.4185,123.5425,0.7475
tik,46,0,0,205.807,326.8225,90.0137,8.355
tik,46,0,1,206.5745,330.997,179.7759,1.537
tik,46,0,2,207.3455,326.8725,90.0347,8.243
tik,47,0,0,214.871,323.4445,91.0529,3.0475
tik,47,0,1,216.8085,324.9505,179.4898,3.9312
tik,47,0,2,218.7285,323.4975,88.1845,2.8724
tik,48,0,0,135.0925,297.1635,104.6793,1.4483
tik,48,0,1,138.9795,290.88,123.5585,13.3994
tik,48,0,2,141.3675,283.9025,46.6698,3.8341
tik,48,0,3,140.1565,282.9225,75.8497,0.8549
tik,48,0,4,140.2955,283.664,83.9775,0.6577
tik,48,0,5,140.2895,284.2125,100.363,0.4503
tik,48,0,6,140.0755,284.897,110.5426,0.9889
tik,48,0,7,136.273,290.8685,123.3769,13.1929
tik,49,0,0,129.2305,297.726,22.4188,0.5506
tik,49,0,1,124.5925,294.562,34.9091,10.6907
tik,49,0,2,119.882,291.2265,40.2172,0.8565
tik,49,0,3,119.373,290.752,47.4109,0.5379
tik,49,0,4,118.995,290.291,53.305,0.656
tik,49,0,5,118.6885,289.805,63.64,0.4977
tik,49,0,6,118.4345,289.211,68.8538,0.7956
tik,49,0,7,118.2065,289.3735,99.0002,1.0803
tik,49,0,8,117.822,290.496,116.9912,1.322
tik,49,0,9,117.055,291.552,135.0005,1.3209
tik,49,0,10,116.1745,292.23,152.9658,0.9284
tik,49,0,11,116.1965,292.4755,4.5295,0.8737
tik,49,0,12,116.994,292.599,13.8133,0.7456
tik,49,0,13,117.6655,292.7715,15.0978,0.6411
tik,49,0,14,118.299,293.004,24.6968,0.7132
tik,49,0,15,119.901,294.0435,34.8686,3.1153
tik,49,0,16,124.752,297.356,34.1318,8.633
tik,49,0,17,128.74,299.988,26.8412,0.9302
tik,50,0,0,243.553,380.7435,179.8832,10.3
tik,50,0,1,251.4005,380.7215,179.7556,5.395
tik,50,0,2,254.416,380.7575,8.4956,0.6431
tik,50,0,3,254.9385,380.8785,19.769,0.4346
tik,50,0,4,255.3225,381.065,32.1917,0.4242
tik,50,0,5,255.6625,381.3215,41.7996,0.4306
tik,50,0,6,255.941,381.609,50.6676,0.3723
tik,50,0,7,256.2885,382.188,62.184,0.9837
tik,50,0,8,256.505,378.7785,89.8063,7.6891
tik,50,0,9,256.302,375.215,124.0646,0.6784
tik,50,0,10,256.026,375.7205,110.9606,0.4808
tik,50,0,11,254.906,376.965,135.3905,2.9049
tik,50,0,12,253.6555,378.085,155.2083,0.477
tik,50,0,13,253.2475,378.2455,162.4668,0.4017
tik,50,0,14,252.8445,378.354,167.2143,0.4338
tik,50,0,15,252.372,378.418,176.4923,0.523
tik,50,0,16,250.418,378.4665,178.9002,3.3866
tik,50,0,17,244.997,378.487,0.1844,7.456
tik,50,0,18,241.0005,378.459,3.41,0.538
tik,50,0,19,240.456,378.394,10.0663,0.5606
tik,50,0,20,239.9165,378.2765,14.5733,0.5445
tik,50,0,21,239.455,378.1245,22.8652,0.4298
tik,50,0,22,239.035,377.929,26.771,0.4973
tik,51,0,0,218.424,386.545,137.058,2.284
tik,51,0,1,218.989,385.494,45.2113,0.7693
tik,51,0,2,219.16,383.0185,101.3473,4.4928
tik,51,0,3,219.964,380.8145,179.7633,0.724
tik,51,0,4,220.2495,379.659,86.2073,2.3131
tik,51,0,5,219.1455,378.5005,0.251,2.055
tik,51,0,6,215.051,378.492,0.0748,6.134
tik,51,0,7,211.5315,378.038,44.8411,1.2763
tik,51,0,8,209.4675,377.581,0.2487,3.223
tik,51,0,9,208.301,378.0125,44.5785,1.2495
tik,51,0,10,207.8085,378.4645,179.1752,1.8752
tik,51,0,11,207.5905,379.629,57.9902,2.7148
tik,51,0,12,208.848,380.762,178.084,1.0766
tik,51,0,13,209.789,380.901,21.2845,0.865
tik,51,0,14,210.7355,381.345,27.8371,1.2292
tik,51,0,15,212.036,382.075,30.3363,1.7542
tik,52,0,0,232.091,379.5195,94.1742,3.5444
tik,52,0,1,232.007,377.8685,151.3232,0.4856
tik,52,0,2,231.532,378.1125,154.0502,0.5828
tik,52,0,3,231.046,378.308,163.113,0.4682
tik,52,0,4,230.597,378.401,173.6594,0.4528
tik,52,0,5,229.415,378.438,179.282,1.9142
tik,52,0,6,227.706,378.474,178.1719,1.5048
tik,52,0,7,224.204,378.5045,179.8646,5.5
tik,52,0,8,220.814,378.5085,0.224,1.28
tik,52,0,9,220.2505,379.6595,86.2057,2.3121
tik,52,0,10,225.18,380.7895,179.7226,9.7061
tik,52,0,11,230.3015,380.7825,3.5154,0.538
tik,52,0,12,230.8195,380.845,10.4476,0.5074
tik,52,0,13,231.2875,380.987,23.7183,0.4773
tik,53,0,0,236.6105,382.564,100.9151,0.4277
tik,53,0,1,237.352,381.61,133.2955,2.0445
tik,53,0,2,238.228,380.8095,162.1078,0.3678
tik,53,0,3,238.608,379.2845,97.9471,2.9655
tik,53,0,4,238.6135,377.6905,32.1719,0.4714
tik,53,0,5,238.2735,377.434,42.9962,0.3842
tik,53,0,6,237.969,377.144,44.1136,0.4569
tik,53,0,7,237.653,376.8055,49.7416,0.4704
tik,53,0,8,237.444,376.5415,55.9995,0.2039
tik,53,0,9,235.6565,376.1,11.6566,3.5339
tik,53,0,10,233.762,376.066,116.9185,0.7245
tik,53,0,11,233.466,376.5785,124.8593,0.4619
tik,53,0,12,233.175,376.9495,131.2209,0.4826
tik,53,0,13,232.846,377.2785,139.0534,0.4501
tik,53,0,14,232.4475,377.589,144.4976,0.5614
tik,53,0,15,232.0905,379.519,94.1594,3.5433
tik,53,0,16,232.2075,381.427,29.8717,0.5662
tik,53,0,17,232.663,381.743,39.805,0.5467
tik,53,0,18,233.0475,382.0835,43.4846,0.481
tik,53,0,19,233.4005,382.4735,51.5104,0.5736
tik,54,0,0,225.134,398.447,45.8935,1.6322
tik,54,0,1,224.361,398.164,124.0811,0.7317
tik,54,0,2,220.945,401.6275,135.4541,9.0109
tik,54,0,3,217.5635,404.887,149.8591,0.3943
tik,54,0,4,217.2565,405.0255,163.8615,0.2842
tik,54,0,5,216.954,405.0855,172.9599,0.3345
tik,54,0,6,216.5655,405.105,0.2574,0.445
tik,54,0,7,215.8675,405.0405,7.6064,0.9594
tik,54,0,8,217.025,406.6075,44.9562,4.6153
tik,54,0,9,218.517,407.9535,63.6369,0.635
tik,54,0,10,218.312,407.4615,72.86,0.4343
tik,54,0,11,218.2245,407.114,80.4688,0.2839
tik,54,0,12,218.224,406.849,100.427,0.2542
tik,54,0,13,218.3585,406.5025,116.7211,0.496
tik,54,0,14,221.951,402.7765,134.8072,9.879
tik,55,0,0,224.5515,392.7025,137.0133,2.2542
tik,55,0,1,222.3185,388.8505,45.2425,8.6848
tik,55,0,2,218.425,386.545,137.058,2.284
tik,55,0,3,219.168,388.905,45.0543,4.4703
tik,56,0,0,273.391,422.1265,0.0557,3.092
tik,56,0,1,274.933,422.0685,86.1562,0.1193
tik,56,0,2,274.8355,417.2105,88.8836,9.5988
tik,56,0,3,274.712,404.489,89.7831,15.8461
tik,56,0,4,274.67,385.6995,89.9367,21.733
tik,56,0,5,274.6685,363.423,90.0528,22.82
tik,56,0,6,274.6335,339.7865,89.7868,24.4532
tik,56,0,7,273.0935,327.5645,179.8274,2.989
tik,56,0,8,271.598,330.0215,90.0232,4.905
tik,56,0,9,271.5985,347.0005,89.9941,29.053
tik,56,0,10,271.617,376.272,89.9339,29.49
tik,56,0,11,271.6875,400.9345,89.6909,19.8353
tik,57,0,0,234.2935,332.144,89.9506,17.402
tik,57,0,1,234.304,353.0295,89.9859,24.369
tik,57,0,2,234.316,369.88,89.8895,9.332
tik,57,0,3,234.264,374.82,102.5503,0.5614
tik,57,0,4,234.0645,375.4185,113.1138,0.7056
tik,57,0,5,235.6565,376.1005,11.6723,3.5341
tik,57,0,6,237.3285,376.3715,55.9291,0.2089
tik,57,0,7,237.1745,376.1275,58.7692,0.3684
tik,57,0,8,236.8645,375.456,67.3487,1.1139
tik,57,0,9,236.5945,374.5345,82.2448,0.8225
tik,57,0,10,236.54,371.1445,90.0192,5.965
tik,57,0,11,236.5445,355.967,90.0164,24.39
tik,57,0,12,236.549,334.475,90.0062,18.594
tik,57,0,13,236.548,324.2925,89.8707,1.771
tik,58,0,0,234.27,316.056,90.1531,0.748
tik,58,0,1,233.559,317.3335,128.1613,2.2982
tik,58,0,2,232.3935,318.4515,154.7828,1.007
tik,58,0,3,231.9225,319.8145,90.7734,2.2972
tik,58,0,4,232.2575,321.127,25.0751,0.7739
tik,58,0,5,233.4475,322.225,48.0498,2.5117
tik,58,0,6,234.287,323.301,90.0,0.284
tik,58,0,7,235.4175,323.4245,179.0628,2.2613
tik,58,0,8,236.5475,323.301,89.7294,0.21
tik,58,0,9,236.613,322.959,105.562,0.492
tik,58,0,10,236.7725,322.53,115.9645,0.4271
tik,58,0,11,237.067,322.13,134.0179,0.5785
tik,58,0,12,237.5085,321.7395,142.8084,0.6038
tik,58,0,13,238.3465,321.251,152.8816,1.3426
tik,58,0,14,238.9105,319.807,88.3138,2.277
tik,58,0,15,238.2625,318.334,28.5978,1.3998
tik,58,0,16,237.0735,317.1205,56.8169,2.0993
tik,58,0,17,236.4995,315.976,90.1085,0.532
tik,59,0,0,246.7295,320.954,0.0662,15.573
tik,59,0,1,255.3315,321.5475,35.6306,2.0067
tik,59,0,2,256.3075,322.633,72.2372,1.0521
tik,59,0,3,256.466,319.7785,89.9659,6.711
tik,59,0,4,256.1935,317.072,112.6261,1.4062
tik,59,0,5,255.78,317.882,131.6118,0.4307
tik,59,0,6,255.509,318.157,138.311,0.3428
tik,59,0,7,255.2295,318.3565,150.5593,0.3479
tik,59,0,8,254.9125,318.505,159.1631,0.3542
tik,59,0,9,254.5745,318.5985,169.9724,0.3504
tik,59,0,10,251.4885,318.6295,179.9901,5.827
tik,59,0,11,243.726,318.6495,179.7696,9.6981
tik,60,0,0,249.824,204.871,0.286,4.8061
tik,60,0,1,254.109,206.29,36.7824,4.6996
tik,60,0,2,256.181,208.263,71.4433,1.1941
tik,60,0,3,256.3695,204.869,89.9784,7.92
tik,60,0,4,256.0705,201.3625,123.2649,1.0848
tik,60,0,5,255.587,201.9775,139.0338,0.4927
tik,60,0,6,255.198,202.262,148.787,0.4747
tik,60,0,7,254.8075,202.4615,157.8066,0.405
tik,60,0,8,251.0225,202.5715,179.4663,7.1953
tik,61,0,0,235.277,199.7585,33.4762,2.7502
tik,61,0,1,234.1305,199.1535,89.8121,0.307
tik,61,0,2,233.375,200.461,123.2294,2.7592
tik,61,0,3,232.4575,201.694,153.9318,0.3596
tik,61,0,4,232.2365,203.2465,92.3121,2.9494
tik,61,0,5,232.373,204.7965,21.3191,0.4208
tik,61,0,6,232.822,205.0465,34.4425,0.6136
tik,61,0,7,233.27,205.441,48.5755,0.5894
tik,61,0,8,233.649,205.945,56.9697,0.6751
tik,61,0,9,233.997,206.6525,68.8764,0.9102
tik,61,0,10,235.303,207.8955,35.63,2.8101
tik,61,0,11,236.6465,208.0925,107.9638,1.3067
tik,61,0,12,237.0365,207.172,122.2277,0.7069
tik,61,0,13,237.409,206.6265,126.7414,0.6152
tik,61,0,14,237.8485,206.151,138.1295,0.6862
tik,61,0,15,238.107,204.233,90.102,3.378
tik,61,0,16,237.9415,202.4795,20.9457,0.3609
tik,61,0,17,237.5515,202.303,26.8234,0.4964
tik,61,0,18,237.061,201.9095,46.3012,0.7787
tik,61,0,19,236.6075,201.3025,60.4544,0.7483
tik,62,0,0,236.435,195.1645,90.1178,10.705
tik,62,0,1,234.4715,189.848,178.9556,3.9497
tik,62,0,2,232.7825,190.0505,30.2508,0.661
tik,62,0,3,233.2845,190.3815,37.2265,0.5438
tik,62,0,4,233.5855,190.655,52.2173,0.2759
tik,62,0,5,233.772,190.912,55.4256,0.3595
tik,62,0,6,233.9455,191.189,61.0007,0.295
tik,62,0,7,234.0675,191.503,74.7319,0.3835
tik,62,0,8,234.1145,191.937,90.8057,0.4981
tik,62,0,9,234.1205,195.593,89.8403,6.814
tik,63,0,0,241.7735,203.729,89.4668,2.2561
tik,63,0,1,240.255,202.62,179.2777,3.0162
tik,63,0,2,238.4285,202.5915,8.4826,0.644
tik,63,0,3,238.107,204.233,90.1017,3.378
tik,63,0,4,238.335,205.733,140.7107,0.5969
tik,63,0,5,238.8115,205.42,153.2004,0.5501
tik,63,0,6,239.2895,205.1925,156.0037,0.509
tik,63,0,7,239.73,205.025,162.8985,0.4352
tik,63,0,8,240.218,204.9145,170.5691,0.5677
tik,64,0,0,246.62,201.299,45.4503,2.3378
tik,64,0,1,249.985,199.9055,138.819,6.7629
tik,64,0,2,254.46,196.003,139.0291,5.1123
tik,64,0,3,256.362,192.836,88.9242,2.9825
tik,64,0,4,251.843,195.2335,139.1126,11.881
tik,65,0,0,234.266,271.8085,90.0471,17.023
tik,65,0,1,234.2745,293.5445,89.9328,26.449
tik,65,0,2,234.2805,311.2255,90.1221,8.913
tik,65,0,3,235.385,315.696,0.7196,2.2282
tik,65,0,4,236.5015,312.925,90.0515,5.57
tik,65,0,5,236.515,294.953,90.0415,30.374
tik,65,0,6,236.514,271.5555,89.9163,16.421
tik,66,0,0,238.6955,258.028,92.7119,3.572
tik,66,0,1,238.892,259.6545,150.7298,0.6443
tik,66,0,2,239.442,259.402,160.5484,0.5706
tik,66,0,3,239.9775,259.2385,165.5858,0.5503
tik,66,0,4,240.5275,259.14,173.9597,0.5702
tik,66,0,5,245.033,259.1125,0.034,8.444
tik,66,0,6,250.582,259.089,178.8775,2.6545
tik,66,0,7,252.254,259.113,8.2468,0.6972
tik,66,0,8,252.9445,259.256,15.066,0.7156
tik,66,0,9,254.557,260.4555,41.1311,3.3643
tik,66,0,10,255.979,261.8685,63.1743,0.6869
tik,66,0,11,256.256,262.6835,76.5091,1.0459
tik,66,0,12,256.394,258.165,90.1824,10.054
tik,66,0,13,256.2025,253.643,112.3382,1.0919
tik,66,0,14,255.835,254.4235,120.146,0.6372
tik,66,0,15,255.4625,254.969,128.2038,0.6872
tik,66,0,16,255.0265,255.4605,135.2583,0.6293
tik,66,0,17,254.5275,255.898,141.9018,0.7002
tik,66,0,18,253.9485,256.285,150.601,0.6967
tik,66,0,19,253.4025,256.5535,158.0961,0.5227
tik,66,0,20,252.9295,256.729,161.3071,0.4867
tik,66,0,21,252.4905,256.8285,174.1128,0.4192
tik,66,0,22,246.6965,256.865,179.8461,11.171
tik,66,0,23,240.865,256.85,6.9528,0.4956
tik,66,0,24,240.313,256.7525,12.4377,0.6267
tik,66,0,25,239.6875,256.5945,15.8148,0.6641
tik,67,0,0,226.4955,320.994,179.6824,10.8232
tik,67,0,1,231.9225,319.815,90.773,2.2982
tik,67,0,2,226.522,318.682,179.8307,10.832
tik,68,0,0,217.055,317.3565,179.0462,3.1844
tik,68,0,1,218.5615,317.1785,60.559,0.3479
tik,68,0,2,218.383,316.8425,63.2495,0.4132
tik,68,0,3,218.232,316.4405,75.0688,0.4502
tik,68,0,4,218.21,314.113,90.9775,4.2206
tik,68,0,5,218.2715,311.852,99.5843,0.3063
tik,68,0,6,218.374,311.5125,112.2212,0.4072
tik,68,0,7,218.5705,311.1345,122.2358,0.4481
tik,68,0,8,218.8435,310.791,134.9048,0.4349
tik,68,0,9,219.17,310.495,140.6215,0.4476
tik,68,0,10,220.373,310.223,172.8063,2.0763
tik,68,0,11,221.585,310.18,25.5504,0.4035
tik,68,0,12,221.9265,310.3675,32.2133,0.377
tik,68,0,13,222.097,308.8165,90.3817,3.3031
tik,68,0,14,221.935,307.3065,140.7213,0.447
tik,68,0,15,221.5745,307.5245,157.8066,0.405
tik,68,0,16,221.198,307.635,169.7982,0.3841
tik,68,0,17,217.223,307.705,179.4553,7.5723
tik,68,0,18,213.185,307.721,4.5388,0.5056
tik,68,0,19,212.7645,307.6365,20.9457,0.3609
tik,68,0,20,212.444,307.5035,24.258,0.3334
tik,68,0,21,212.16,307.2685,51.5943,0.425
tik,68,0,22,212.039,308.851,89.6396,3.4981
tik,68,0,23,212.148,310.467,126.382,0.3304
tik,68,0,24,212.4075,310.2545,153.7912,0.36
tik,68,0,25,212.7605,310.115,162.6039,0.4014
tik,68,0,26,213.157,310.017,169.5001,0.417
tik,68,0,27,213.6145,309.999,4.5263,0.5066
tik,68,0,28,214.1465,310.084,13.0926,0.5739
tik,68,0,29,214.6515,310.2775,29.678,0.5191
tik,68,0,30,215.0305,310.5165,35.747,0.3783
tik,68,0,31,215.322,310.784,48.6874,0.4181
tik,68,0,32,215.5715,311.095,54.0921,0.3802
tik,68,0,33,215.7425,311.398,68.2315,0.3209
tik,68,0,34,215.8425,311.726,77.2521,0.367
tik,68,0,35,215.909,314.1375,89.3327,4.4653
tik,68,0,36,215.8725,316.6235,103.8503,0.5222
tik,69,0,0,208.696,319.884,89.7515,2.304
tik,69,0,1,211.169,321.0355,179.9887,4.936
tik,69,0,2,213.5295,319.8835,84.6666,2.313
tik,70,0,0,205.5125,321.5725,46.3896,0.2914
tik,70,0,1,205.689,321.823,62.3411,0.3274
tik,70,0,2,205.787,322.0655,77.2834,0.1999
tik,70,0,3,205.809,322.404,90.0,0.482
tik,70,0,4,206.5785,322.698,3.9396,1.5426
tik,70,0,5,207.3485,322.3855,90.0777,0.731
tik,70,0,6,207.4395,321.8545,118.6693,0.3773
tik,70,0,7,207.622,321.5655,126.6871,0.308
tik,70,0,8,207.8685,321.2385,127.2059,0.511
tik,70,0,9,208.164,321.035,0.0,0.282
tik,70,0,10,208.503,321.035,0.0,0.396
tik,70,0,11,208.696,319.883,89.7515,2.304
tik,70,0,12,206.6755,318.731,0.0,4.031
tik,70,0,13,204.451,318.731,0.0,0.418
tik,70,0,14,204.2435,319.879,89.9254,2.296
tik,70,0,15,204.4795,321.027,0.0,0.469
tik,70,0,16,204.9415,321.0275,0.1268,0.455
tik,71,0,0,236.5735,391.3215,89.9345,4.381
tik,71,0,1,236.5705,385.9525,89.9911,6.357
tik,71,0,2,235.0745,382.736,1.4553,2.992
tik,71,0,3,233.712,382.9075,57.5911,0.4963
tik,71,0,4,233.955,383.3395,63.6933,0.4964
tik,71,0,5,234.1405,383.7355,66.4832,0.3784
tik,71,0,6,234.295,384.1535,72.0934,0.5139
tik,71,0,7,234.3645,386.135,90.3133,3.4741
tik,71,0,8,234.376,390.711,89.5763,5.6781
tik,72,0,0,233.9715,395.018,127.8861,0.4739
tik,72,0,1,233.836,399.3225,89.8608,8.235
tik,72,0,2,234.1285,403.651,36.7568,0.7052
tik,72,0,3,234.411,403.928,90.0,0.132
tik,72,0,4,234.407,404.4515,90.5016,0.915
tik,72,0,5,235.496,404.959,2.619,2.1883
tik,72,0,6,236.5825,399.261,89.9352,11.496
tik,72,0,7,235.4865,393.5315,179.0275,2.1793
tik,72,0,8,234.3995,393.8765,89.5609,0.653
tik,72,0,9,234.336,394.3615,112.6075,0.3434
tik,73,0,0,233.679,395.3485,135.4918,0.4123
tik,73,0,1,233.339,395.622,146.241,0.4643
tik,73,0,2,232.9395,395.8575,152.7189,0.4647
tik,73,0,3,232.5055,396.0155,167.2433,0.4665
tik,73,0,4,230.8985,397.6355,131.3318,4.1777
tik,73,0,5,231.6825,401.322,44.391,6.0553
tik,74,0,0,240.824,112.1845,155.7511,0.7085
tik,74,0,1,241.424,111.942,160.7007,0.587
tik,74,0,2,246.9725,111.726,178.7068,10.5457
tik,74,0,3,252.4875,111.663,12.9516,0.4997
tik,74,0,4,252.968,111.785,15.5603,0.492
tik,74,0,5,254.42,112.9525,42.1949,3.28
tik,74,0,6,255.74,114.329,69.1026,0.5887
tik,74,0,7,256.069,115.4405,75.009,1.7319
tik,74,0,8,256.3,112.715,90.1127,7.124
tik,74,0,9,255.067,109.1765,178.9143,2.4804
tik,74,0,10,247.683,109.245,179.5804,12.2883
tik,74,0,11,241.3225,109.4475,143.9645,0.5355
tik,74,0,12,240.717,109.8155,151.5796,0.8846
tik,74,0,13,240.1935,109.747,64.2631,0.6195
tik,74,0,14,239.6365,109.6825,153.0843,0.9477
tik,75,0,0,239.8575,111.1135,62.1223,2.7524
tik,75,0,1,238.9635,110.0545,147.8401,0.5918
tik,75,0,2,238.3095,110.484,146.0159,0.9732
tik,75,0,3,237.607,110.7485,1.4354,0.5982
tik,75,0,4,236.205,110.7615,178.9356,2.2064
tik,75,0,5,233.694,110.8,179.2673,2.8162
tik,75,0,6,231.7015,110.7945,2.3022,1.17
tik,75,0,7,230.9725,112.047,96.4609,2.5683
tik,75,0,8,231.4815,113.6515,26.6869,1.4628
tik,75,0,9,232.6985,114.4485,39.7409,1.4656
tik,75,0,10,233.613,115.782,67.9135,1.867
tik,75,0,11,233.841,117.2615,101.319,1.2534
tik,75,0,12,235.0715,118.1265,10.4856,2.753
tik,75,0,13,236.504,118.0085,102.1004,0.7537
tik,75,0,14,237.9445,115.397,121.2577,5.2477
tik,75,0,15,239.604,112.926,142.5811,0.7504
tik,76,0,0,230.9715,112.0475,96.4635,2.5673
tik,76,0,1,226.5705,110.8205,179.3888,9.0915
tik,76,0,2,219.822,110.8555,0.3508,4.4061
tik,76,0,3,217.2555,110.7935,7.6011,0.7334
tik,76,0,4,216.9505,111.9015,87.1041,2.3159
tik,76,0,5,217.828,113.106,3.3544,1.6408
tik,76,0,6,224.064,113.0875,179.2967,10.8348
tik,77,0,0,209.987,107.444,87.3696,0.7408
tik,77,0,1,209.99,109.938,90.3776,4.2481
tik,77,0,2,209.9785,113.076,89.8586,2.028
tik,77,0,3,209.8195,114.5465,109.4827,0.9684
tik,77,0,4,209.355,115.577,117.8283,1.2981
tik,77,0,5,209.7725,117.0275,50.5791,2.2692
tik,77,0,6,211.956,116.4925,136.0265,4.0658
tik,77,0,7,213.6985,114.7455,129.7971,0.8733
tik,77,0,8,214.4085,114.0165,137.5717,1.1665
tik,77,0,9,215.924,113.3405,165.4059,2.2423
tik,77,0,10,216.9505,111.9015,87.1042,2.316
tik,77,0,11,216.2075,110.5615,15.0071,1.4173
tik,77,0,12,214.886,110.0545,26.923,1.4289
tik,77,0,13,213.7525,109.26,43.4904,1.3687
tik,77,0,14,212.9785,108.279,61.4487,1.1612
tik,77,0,15,212.557,107.3155,72.3835,0.9516
tik,78,0,0,198.6635,127.823,46.1037,5.1763
tik,78,0,1,200.4925,129.185,93.9237,1.0084
tik,78,0,2,200.751,128.1475,112.7376,1.1591
tik,78,0,3,201.448,126.9995,127.6319,1.5493
tik,78,0,4,206.207,122.145,135.3024,12.0592
tik,78,0,5,209.7725,117.0275,50.5796,2.2693
tik,78,0,6,208.752,116.5065,130.1608,0.9303
tik,78,0,7,204.3005,120.945,135.4765,11.6458
tik,78,0,8,199.8695,125.2365,143.2788,0.6974
tik,78,0,9,199.1675,125.6355,155.7289,0.9269
tik,78,0,10,198.403,125.896,168.4339,0.6982
tik,79,0,0,236.9845,425.7105,140.7298,1.2465
tik,79,0,1,237.948,427.556,45.0988,4.097
tik,79,0,2,239.3535,428.828,77.2498,0.3671
tik,79,0,3,239.3325,428.508,97.8743,0.2847
tik,79,0,4,239.4015,428.245,112.085,0.2633
tik,79,0,5,239.5175,428.0395,128.5351,0.2135
tik,79,0,6,239.7065,427.894,153.1559,0.2746
tik,79,0,7,240.058,427.823,177.7487,0.4584
tik,79,0,8,244.387,428.075,3.6425,8.2166
tik,79,0,9,250.4755,428.476,4.0272,3.9868
tik,79,0,10,253.6725,428.7105,4.4711,2.4244
tik,79,0,11,254.9995,428.838,15.5603,0.246
tik,79,0,12,255.2875,428.978,32.2631,0.4009
tik,79,0,13,255.5975,429.2155,42.8879,0.3835
tik,79,0,14,255.8635,429.5225,54.5843,0.4331
tik,79,0,15,256.272,430.2425,62.4944,1.2255
tik,79,0,16,256.538,427.1025,89.7356,7.3671
tik,79,0,17,256.324,423.794,117.7152,0.8472
tik,79,0,18,255.941,424.442,124.2667,0.6607
tik,79,0,19,255.5675,424.945,129.188,0.5935
tik,79,0,20,255.0365,425.4325,143.1433,0.8586
tik,79,0,21,254.3775,425.881,148.8094,0.7376
tik,79,0,22,253.7865,426.1765,159.2276,0.5893
tik,79,0,23,253.1585,426.3095,175.3771,0.7073
tik,79,0,24,251.932,426.288,3.2744,1.7509
tik,79,0,25,246.401,425.932,3.7594,9.3341
tik,79,0,26,239.988,425.495,4.2663,3.5218
tik,80,0,0,236.6545,423.791,88.2316,1.3286
tik,80,0,1,236.6095,422.15,88.5636,1.9546
tik,80,0,2,236.588,414.0795,90.0242,14.187
tik,80,0,3,236.59,405.997,89.9421,1.978
tik,80,0,4,235.496,404.958,2.619,2.1883
tik,80,0,5,234.399,405.355,90.5124,0.894
tik,80,0,6,234.3975,412.202,89.9776,12.8
tik,80,0,7,234.3275,418.929,102.5015,0.6699
tik,80,0,8,234.1075,419.5115,119.9976,0.59
tik,80,0,9,233.7405,420.0045,132.7448,0.6468
tik,80,0,10,233.322,420.381,145.0657,0.4855
tik,80,0,11,232.945,420.603,155.0009,0.3928
tik,80,0,12,232.4995,420.7125,174.343,0.5376
tik,80,0,13,231.9835,420.735,0.9217,0.4971
tik,80,0,14,231.564,420.693,12.5296,0.3503
tik,80,0,15,231.1325,420.56,20.0364,0.5546
tik,80,0,16,233.2465,422.8435,45.0483,6.7218
tik,81,0,0,152.5725,331.764,175.7336,2.2853
tik,81,0,1,151.8005,336.6585,85.6304,9.647
tik,81,0,2,153.2455,354.9995,85.4472,27.1487
tik,81,0,3,154.289,368.9205,94.9883,0.782
tik,81,0,4,154.1985,369.616,100.4619,0.6223
tik,81,0,5,154.0485,370.114,115.9645,0.4271
tik,81,0,6,153.817,370.414,141.9526,0.3505
tik,81,0,7,155.231,370.4705,178.0995,3.1057
tik,81,0,8,156.1925,363.007,85.445,14.871
tik,82,0,0,157.7735,326.054,134.045,2.2482
tik,82,0,1,163.346,333.1955,44.9074,17.9429
tik,82,0,2,177.4705,347.2915,44.9705,21.967
tik,82,0,3,195.147,364.9315,44.9175,27.9781
tik,82,0,4,206.455,376.1915,44.5987,3.938
tik,82,0,5,209.469,377.581,0.2487,3.224
tik,82,0,6,208.3915,374.9115,44.8612,7.5887
tik,82,0,7,196.2585,362.817,44.9225,26.6742
tik,82,0,8,177.992,344.61,44.8894,24.9072
tik,83,0,0,166.349,319.869,89.9019,2.334
tik,83,0,1,180.7905,321.0355,179.998,28.879
tik,83,0,2,199.737,321.0315,179.9554,9.014
tik,83,0,3,204.2425,319.8795,89.925,2.297
tik,84,0,0,133.697,301.9655,176.1102,2.9628
tik,84,0,1,138.024,307.864,44.9655,16.4091
tik,84,0,2,145.4145,316.649,62.0407,6.7634
tik,84,0,3,146.8935,319.9035,111.7087,0.5758
tik,84,0,4,149.716,317.6155,138.8959,7.7742
tik,84,0,5,152.1175,315.2495,160.2398,1.121
tik,84,0,6,150.0805,315.315,4.6964,3.0292
tik,84,0,7,145.3345,311.988,44.7019,9.1069
tik,85,0,0,130.503,297.763,160.9234,0.4529
tik,85,0,1,130.123,297.8575,172.9625,0.3345
tik,85,0,2,129.7205,297.8545,5.6742,0.4753
tik,85,0,3,129.319,299.015,97.9335,2.3909
tik,85,0,4,129.8485,300.7015,35.8873,1.7145
tik,85,0,5,130.7345,301.005,133.8986,0.5524
tik,85,0,6,131.2525,301.1165,43.5613,0.9011
tik,85,0,7,131.899,301.7465,44.9556,0.9044
tik,85,0,8,133.697,301.9655,176.1096,2.9628
tik,85,0,9,135.542,301.46,132.1824,1.0931
tik,85,0,10,135.5115,300.3335,61.148,1.6475
tik,85,0,11,135.0115,298.738,83.3111,1.76
tik,85,0,12,133.7765,297.121,33.2676,2.7089
tik,85,0,13,132.3915,296.8115,120.2196,1.0034
tik,85,0,14,131.892,296.9985,44.9424,0.6979
tik,86,0,0,262.5835,476.402,89.9125,3.276
tik,86,0,1,262.5655,461.1465,89.9348,27.235
tik,86,0,2,261.016,447.551,179.1782,3.0683
tik,86,0,3,257.9505,447.572,0.0374,3.063
tik,86,0,4,256.508,462.8245,89.6657,30.5075
tik,87,0,0,257.7505,109.172,0.794,2.8873
tik,87,0,1,260.7355,109.188,179.8514,3.083
tik,87,0,2,262.233,93.8845,89.8352,30.5991
tik,87,0,3,259.2265,78.644,178.8593,5.9262
tik,88,0,0,56.771,400.3845,48.6232,3.0771
tik,88,0,1,44.238,409.255,138.9595,30.5365
tik,88,0,2,34.735,421.6135,49.2173,6.1636
tik,88,0,3,48.2715,413.892,138.8932,30.5872
tik,89,0,0,310.74,181.3845,49.6482,6.0295
tik,89,0,1,297.2595,189.1025,139.0172,30.5429
tik,89,0,2,286.7045,200.248,49.2548,2.983
tik,89,0,3,288.678,202.53,49.0404,3.051
tik,90,0,0,192.1065,347.077,0.0,1.011
tik,90,0,1,192.612,347.312,90.0,0.47
tik,90,0,2,191.3265,347.547,0.0,2.571
tik,90,0,3,190.041,347.312,90.0,0.47
tik,90,0,4,190.547,347.077,0.0,1.012
tik,90,0,5,191.053,345.1945,90.0,3.765
tik,90,0,6,191.327,343.312,0.0,0.548
tik,91,0,0,195.07,347.698,3.0648,0.2243
tik,91,0,1,194.848,347.6755,8.5319,0.2225
tik,91,0,2,194.847,345.452,92.8275,4.4194
tik,91,0,3,195.069,343.2395,177.213,0.2263
tik,91,0,4,195.295,343.2395,2.787,0.2263
tik,91,0,5,195.517,345.452,87.1725,4.4194
tik,91,0,6,195.516,347.6755,171.4681,0.2225
tik,91,0,7,195.294,347.698,176.9352,0.2243
tik,91,1,0,195.097,343.708,177.3072,0.1702
tik,91,1,1,194.9295,343.725,171.0453,0.167
tik,91,1,2,194.9235,345.481,87.4869,3.4894
tik,91,1,3,195.091,347.2285,2.8317,0.1822
tik,91,1,4,195.2735,347.2285,177.1836,0.1832
tik,91,1,5,195.441,345.481,92.4968,3.4893
tik,91,1,6,195.434,343.725,8.902,0.168
tik,91,1,7,195.2665,343.708,2.7086,0.1692
tik,92,0,0,198.0165,347.547,0.0,0.577
tik,92,0,1,198.6145,345.351,111.9833,4.7364
tik,92,0,2,200.1045,344.7165,68.8691,3.3481
tik,92,0,3,201.3115,344.7165,111.1309,3.3481
tik,92,0,4,202.8015,345.351,68.0167,4.7364
tik,92,0,5,203.399,347.547,0.0,0.578
tik,92,0,6,202.5125,346.0395,68.3791,3.2432
tik,92,0,7,201.3115,346.118,110.8327,3.3939
tik,92,0,8,200.1065,346.1515,68.8216,3.3299
tik,93,0,0,205.411,343.312,0.0,2.306
tik,93,0,1,206.564,343.547,90.0,0.47
tik,93,0,2,205.6855,343.782,0.0,1.757
tik,93,0,3,204.807,344.606,90.0,1.648
tik,93,0,4,205.6595,345.43,0.0,1.705
tik,93,0,5,206.512,345.665,90.0,0.47
tik,93,0,6,205.6595,345.9,0.0,1.705
tik,93,0,7,204.807,346.4885,90.0,1.177
tik,93,0,8,205.6855,347.077,0.0,1.757
tik,93,0,9,206.564,347.312,90.0,0.47
tik,93,0,10,205.411,347.547,0.0,2.306
tik,94,0,0,208.9165,345.195,12.6379,0.2285
tik,94,0,1,208.5775,346.3835,111.1662,2.4953
tik,94,0,2,207.7945,347.547,0.0,0.665
tik,94,0,3,207.462,345.4295,90.0,4.235
tik,94,0,4,207.7365,343.312,0.0,0.549
tik,94,0,5,208.011,344.214,90.0,1.804
tik,94,0,6,208.124,345.116,0.0,0.226
tik,94,0,7,208.8735,344.214,125.2087,2.2079
tik,94,0,8,209.8235,343.312,0.0,0.627
tik,94,0,9,209.471,344.241,125.6367,2.2861
tik,94,1,0,208.0835,347.077,0.0,0.145
tik,94,1,1,208.1705,346.332,91.1153,1.4903
tik,94,1,2,208.098,345.587,0.0,0.174
tik,94,1,3,208.011,346.332,90.0,1.49
tik,95,0,0,189.9915,353.96,153.7115,0.28
tik,95,0,1,189.861,351.947,89.862,4.15
tik,95,0,2,189.9865,349.934,25.4135,0.289
tik,95,0,3,190.117,350.3105,90.0,0.629
tik,95,0,4,189.991,350.529,37.3043,0.3168
tik,95,0,5,189.867,351.9485,89.9244,3.031
tik,95,0,6,189.993,353.3725,143.5766,0.3082
tik,96,0,0,192.799,354.171,3.0648,0.2243
tik,96,0,1,192.577,354.1485,8.5319,0.2225
tik,96,0,2,192.5755,351.925,92.8144,4.4193
tik,96,0,3,192.7975,349.7125,177.2254,0.2273
tik,96,0,4,193.024,349.7125,2.787,0.2263
tik,96,0,5,193.2455,351.925,87.1856,4.4193
tik,96,0,6,193.2445,354.1485,171.4294,0.2215
tik,96,0,7,193.023,354.171,176.9352,0.2243
tik,96,1,0,192.826,350.181,177.3072,0.1702
tik,96,1,1,192.6585,350.1985,170.7044,0.1672
tik,96,1,2,192.652,351.9545,87.5025,3.4883
tik,96,1,3,192.8195,353.702,3.1261,0.1833
tik,96,1,4,193.002,353.702,176.8569,0.1823
tik,96,1,5,193.1695,351.9545,92.5138,3.4884
tik,96,1,6,193.163,350.1985,9.241,0.1682
tik,96,1,7,192.9955,350.181,2.7086,0.1692
tik,97,0,0,196.2015,349.785,0.0,0.549
tik,97,0,1,196.476,351.381,90.0,3.192
tik,97,0,2,198.0445,351.2935,132.9747,4.6019
tik,97,0,3,199.613,351.815,90.0,4.41
tik,97,0,4,199.3385,354.02,0.0,0.549
tik,97,0,5,199.064,352.4745,90.0,3.091
tik,97,0,6,197.4955,352.576,133.6014,4.5488
tik,98,0,0,202.3035,353.549,0.0,1.011
tik,98,0,1,202.809,353.784,90.0,0.47
tik,98,0,2,201.5235,354.019,0.0,2.571
tik,98,0,3,200.238,353.784,90.0,0.47
tik,98,0,4,200.744,353.549,0.0,1.012
tik,98,0,5,201.25,351.6665,90.0,3.765
tik,98,0,6,201.524,349.784,0.0,0.548
tik,99,0,0,204.9125,351.668,12.6379,0.2285
tik,99,0,1,204.5735,352.8565,111.1662,2.4953
tik,99,0,2,203.7905,354.02,0.0,0.665
tik,99,0,3,203.458,351.9025,90.0,4.235
tik,99,0,4,203.7325,349.785,0.0,0.549
tik,99,0,5,204.007,350.687,90.0,1.804
tik,99,0,6,204.12,351.589,0.0,0.226
tik,99,0,7,204.8695,350.687,125.2087,2.2079
tik,99,0,8,205.8195,349.785,0.0,0.627
tik,99,0,9,205.467,350.714,125.6367,2.2861
tik,99,1,0,204.0795,353.55,0.0,0.145
tik,99,1,1,204.1665,352.805,91.1153,1.4903
tik,99,1,2,204.094,352.06,0.0,0.174
tik,99,1,3,204.007,352.805,90.0,1.49
tik,100,0,0,208.594,354.171,3.0648,0.2243
tik,100,0,1,208.372,354.1485,8.5319,0.2225
tik,100,0,2,208.3705,351.925,92.8144,4.4193
tik,100,0,3,208.5925,349.7125,177.2254,0.2273
tik,100,0,4,208.819,349.7125,2.787,0.2263
tik,100,0,5,209.041,351.925,87.1725,4.4194
tik,100,0,6,209.04,354.1485,171.4681,0.2225
tik,100,0,7,208.818,354.171,176.9352,0.2243
tik,100,1,0,208.621,350.181,177.3072,0.1702
tik,100,1,1,208.4535,350.1985,170.7044,0.1672
tik,100,1,2,208.4475,351.9545,87.4862,3.4884
tik,100,1,3,208.615,353.702,3.1431,0.1823
tik,100,1,4,208.7975,353.702,176.8739,0.1833
tik,100,1,5,208.965,351.9545,92.4975,3.4883
tik,100,1,6,208.958,350.1985,9.241,0.1682
tik,100,1,7,208.7905,350.181,2.7086,0.1692
tik,101,0,0,211.9965,354.02,0.0,0.549
tik,101,0,1,211.722,351.9025,90.0,4.235
tik,101,0,2,212.643,349.785,0.0,1.842
tik,101,0,3,213.564,350.02,90.0,0.47
tik,101,0,4,212.9175,350.255,0.0,1.293
tik,102,0,0,36.6609,498.4972,0.0,0.3598
tik,102,0,1,36.8408,497.0581,90.0,2.8782
tik,102,0,2,36.6609,495.619,0.0,0.3598
tik,102,0,3,36.481,497.0581,90.0,2.8782
tik,103,0,0,51.8169,498.4972,0.0,0.3598
tik,103,0,1,51.9968,497.0581,90.0,2.8782
tik,103,0,2,51.8169,495.619,0.0,0.3598
tik,103,0,3,51.637,497.0581,90.0,2.8782
tik,104,0,0,66.9729,498.4962,0.0,0.3598
tik,104,0,1,67.1528,497.0571,90.0,2.8782
tik,104,0,2,66.9729,495.618,0.0,0.3598
tik,104,0,3,66.793,497.0571,90.0,2.8782
tik,105,0,0,82.1299,498.4952,0.0,0.3598
tik,105,0,1,82.3098,497.0561,90.0,2.8782
tik,105,0,2,82.1299,495.617,0.0,0.3598
tik,105,0,3,81.95,497.0561,90.0,2.8782
tik,106,0,0,112.4419,498.4942,0.0,0.3598
tik,106,0,1,112.6218,497.0551,90.0,2.8782
tik,106,0,2,112.4419,495.616,0.0,0.3598
tik,106,0,3,112.262,497.0551,90.0,2.8782
tik,107,0,0,127.5979,498.4932,0.0,0.3598
tik,107,0,1,127.7778,497.0541,90.0,2.8782
tik,107,0,2,127.5979,495.615,0.0,0.3598
tik,107,0,3,127.418,497.0541,90.0,2.8782
tik,108,0,0,142.7539,498.4922,0.0,0.3598
tik,108,0,1,142.9338,497.0531,90.0,2.8782
tik,108,0,2,142.7539,495.614,0.0,0.3598
tik,108,0,3,142.574,497.0531,90.0,2.8782
tik,109,0,0,157.9099,498.4912,0.0,0.3597
tik,109,0,1,158.0897,497.0521,90.0,2.8782
tik,109,0,2,157.9099,495.613,0.0,0.3597
tik,109,0,3,157.73,497.0521,90.0,2.8782
tik,110,0,0,188.2219,498.4902,0.0,0.3598
tik,110,0,1,188.4018,497.0511,90.0,2.8782
tik,110,0,2,188.2219,495.612,0.0,0.3598
tik,110,0,3,188.042,497.0511,90.0,2.8782
tik,111,0,0,203.3779,498.4892,0.0,0.3598
tik,111,0,1,203.5578,497.0501,90.0,2.8782
tik,111,0,2,203.3779,495.611,0.0,0.3598
tik,111,0,3,203.198,497.0501,90.0,2.8782
tik,112,0,0,218.5339,498.4882,0.0,0.3598
tik,112,0,1,218.7138,497.0491,90.0,2.8782
tik,112,0,2,218.5339,495.61,0.0,0.3598
tik,112,0,3,218.354,497.0491,90.0,2.8782
tik,113,0,0,233.6899,498.4882,0.0,0.3597
tik,113,0,1,233.8697,497.0491,90.0,2.8782
tik,113,0,2,233.6899,495.61,0.0,0.3597
tik,113,0,3,233.51,497.0491,90.0,2.8782
tik,114,0,0,264.0029,498.4862,0.0,0.3598
tik,114,0,1,264.1828,497.0471,90.0,2.8782
tik,114,0,2,264.0029,495.608,0.0,0.3598
tik,114,0,3,263.823,497.0471,90.0,2.8782
tik,115,0,0,279.1589,498.4862,0.0,0.3598
tik,115,0,1,279.3388,497.0471,90.0,2.8782
tik,115,0,2,279.1589,495.608,0.0,0.3598
tik,115,0,3,278.979,497.0471,90.0,2.8782
tik,116,0,0,294.3149,498.4852,0.0,0.3598
tik,116,0,1,294.4948,497.0461,90.0,2.8782
tik,116,0,2,294.3149,495.607,0.0,0.3598
tik,116,0,3,294.135,497.0461,90.0,2.8782
tik,117,0,0,309.4709,498.4842,0.0,0.3597
tik,117,0,1,309.6507,497.0451,90.0,2.8782
tik,117,0,2,309.4709,495.606,0.0,0.3597
tik,117,0,3,309.291,497.0451,90.0,2.8782
tik,118,0,0,339.7829,498.4832,0.0,0.3598
tik,118,0,1,339.9628,497.0441,90.0,2.8782
tik,118,0,2,339.7829,495.605,0.0,0.3598
tik,118,0,3,339.603,497.0441,90.0,2.8782
tik,119,0,0,354.9389,498.4822,0.0,0.3598
tik,119,0,1,355.1188,497.0431,90.0,2.8782
tik,119,0,2,354.9389,495.604,0.0,0.3598
tik,119,0,3,354.759,497.0431,90.0,2.8782
tik,120,0,0,36.6249,313.3152,0.0,0.3598
tik,120,0,1,36.8048,311.8761,90.0,2.8782
tik,120,0,2,36.6249,310.437,0.0,0.3598
tik,120,0,3,36.445,311.8761,90.0,2.8782
tik,121,0,0,51.7839,313.3142,0.0,0.3598
tik,121,0,1,51.9638,311.8751,90.0,2.8782
tik,121,0,2,51.7839,310.436,0.0,0.3598
tik,121,0,3,51.604,311.8751,90.0,2.8782
tik,122,0,0,66.9429,313.3132,0.0,0.3598
tik,122,0,1,67.1228,311.8741,90.0,2.8782
tik,122,0,2,66.9429,310.435,0.0,0.3598
tik,122,0,3,66.763,311.8741,90.0,2.8782
tik,123,0,0,82.1019,313.3122,0.0,0.3598
tik,123,0,1,82.2818,311.8731,90.0,2.8782
tik,123,0,2,82.1019,310.434,0.0,0.3598
tik,123,0,3,81.922,311.8731,90.0,2.8782
tik,124,0,0,112.4209,313.3112,0.0,0.3598
tik,124,0,1,112.6008,311.8721,90.0,2.8782
tik,124,0,2,112.4209,310.433,0.0,0.3598
tik,124,0,3,112.241,311.8721,90.0,2.8782
tik,125,0,0,127.5799,313.3102,0.0,0.3598
tik,125,0,1,127.7598,311.8711,90.0,2.8782
tik,125,0,2,127.5799,310.432,0.0,0.3598
tik,125,0,3,127.4,311.8711,90.0,2.8782
tik,126,0,0,142.7389,313.3092,0.0,0.3598
tik,126,0,1,142.9188,311.8701,90.0,2.8782
tik,126,0,2,142.7389,310.431,0.0,0.3598
tik,126,0,3,142.559,311.8701,90.0,2.8782
tik,127,0,0,157.8979,313.3092,0.0,0.3598
tik,127,0,1,158.0778,311.8701,90.0,2.8782
tik,127,0,2,157.8979,310.431,0.0,0.3598
tik,127,0,3,157.718,311.8701,90.0,2.8782
tik,128,0,0,188.2159,313.3072,0.0,0.3598
tik,128,0,1,188.3958,311.8681,90.0,2.8782
tik,128,0,2,188.2159,310.429,0.0,0.3598
tik,128,0,3,188.036,311.8681,90.0,2.8782
tik,129,0,0,203.3749,313.3062,0.0,0.3598
tik,129,0,1,203.5548,311.8671,90.0,2.8782
tik,129,0,2,203.3749,310.428,0.0,0.3598
tik,129,0,3,203.195,311.8671,90.0,2.8782
tik,130,0,0,218.5339,313.3062,0.0,0.3598
tik,130,0,1,218.7138,311.8671,90.0,2.8782
tik,130,0,2,218.5339,310.428,0.0,0.3598
tik,130,0,3,218.354,311.8671,90.0,2.8782
tik,131,0,0,233.6929,313.3052,0.0,0.3598
tik,131,0,1,233.8728,311.8661,90.0,2.8782
tik,131,0,2,233.6929,310.427,0.0,0.3598
tik,131,0,3,233.513,311.8661,90.0,2.8782
tik,132,0,0,264.0119,313.3042,0.0,0.3598
tik,132,0,1,264.1918,311.8651,90.0,2.8782
tik,132,0,2,264.0119,310.426,0.0,0.3598
tik,132,0,3,263.832,311.8651,90.0,2.8782
tik,133,0,0,339.8069,313.3002,0.0,0.3597
tik,133,0,1,339.9868,311.8611,90.0,2.8782
tik,133,0,2,339.8069,310.422,0.0,0.3597
tik,133,0,3,339.627,311.8611,90.0,2.8782
tik,134,0,0,354.9659,313.2992,0.0,0.3597
tik,134,0,1,355.1458,311.8601,90.0,2.8782
tik,134,0,2,354.9659,310.421,0.0,0.3597
tik,134,0,3,354.786,311.8601,90.0,2.8782
tik,135,0,0,21.2909,128.1312,0.0,0.3598
tik,135,0,1,21.4708,126.6921,90.0,2.8782
tik,135,0,2,21.2909,125.253,0.0,0.3598
tik,135,0,3,21.111,126.6921,90.0,2.8782
tik,136,0,0,36.4439,128.1302,0.0,0.3598
tik,136,0,1,36.6238,126.6911,90.0,2.8782
tik,136,0,2,36.4439,125.252,0.0,0.3598
tik,136,0,3,36.264,126.6911,90.0,2.8782
tik,137,0,0,51.5969,128.1292,0.0,0.3598
tik,137,0,1,51.7768,126.6901,90.0,2.8782
tik,137,0,2,51.5969,125.251,0.0,0.3598
tik,137,0,3,51.417,126.6901,90.0,2.8782
tik,138,0,0,66.7499,128.1292,0.0,0.3598
tik,138,0,1,66.9298,126.6901,90.0,2.8782
tik,138,0,2,66.7499,125.251,0.0,0.3598
tik,138,0,3,66.57,126.6901,90.0,2.8782
tik,139,0,0,81.9039,128.1282,0.0,0.3598
tik,139,0,1,82.0838,126.6891,90.0,2.8782
tik,139,0,2,81.9039,125.25,0.0,0.3598
tik,139,0,3,81.724,126.6891,90.0,2.8782
tik,140,0,0,112.2099,128.1262,0.0,0.3598
tik,140,0,1,112.3898,126.6871,90.0,2.8782
tik,140,0,2,112.2099,125.248,0.0,0.3598
tik,140,0,3,112.03,126.6871,90.0,2.8782
tik,141,0,0,127.3629,128.1262,0.0,0.3598
tik,141,0,1,127.5428,126.6871,90.0,2.8782
tik,141,0,2,127.3629,125.248,0.0,0.3598
tik,141,0,3,127.183,126.6871,90.0,2.8782
tik,142,0,0,263.7409,128.1192,0.0,0.3598
tik,142,0,1,263.9208,126.6801,90.0,2.8782
tik,142,0,2,263.7409,125.241,0.0,0.3598
tik,142,0,3,263.561,126.6801,90.0,2.8782
tik,143,0,0,278.8939,128.1182,0.0,0.3598
tik,143,0,1,279.0738,126.6791,90.0,2.8782
tik,143,0,2,278.8939,125.24,0.0,0.3598
tik,143,0,3,278.714,126.6791,90.0,2.8782
tik,144,0,0,294.0469,128.1182,0.0,0.3598
tik,144,0,1,294.2268,126.6791,90.0,2.8782
tik,144,0,2,294.0469,125.24,0.0,0.3598
tik,144,0,3,293.867,126.6791,90.0,2.8782
tik,145,0,0,309.1999,128.1172,0.0,0.3598
tik,145,0,1,309.3798,126.6781,90.0,2.8782
tik,145,0,2,309.1999,125.239,0.0,0.3598
tik,145,0,3,309.02,126.6781,90.0,2.8782
tik,146,0,0,339.5059,128.1152,0.0,0.3598
tik,146,0,1,339.6858,126.6761,90.0,2.8782
tik,146,0,2,339.5059,125.237,0.0,0.3598
tik,146,0,3,339.326,126.6761,90.0,2.8782
tik,147,0,0,354.6589,128.1152,0.0,0.3598
tik,147,0,1,354.8388,126.6761,90.0,2.8782
tik,147,0,2,354.6589,125.237,0.0,0.3598
tik,147,0,3,354.479,126.6761,90.0,2.8782
tik,148,0,0,369.8119,128.1142,0.0,0.3598
tik,148,0,1,369.9918,126.6751,90.0,2.8782
tik,148,0,2,369.8119,125.236,0.0,0.3598
tik,148,0,3,369.632,126.6751,90.0,2.8782
tik,149,0,0,21.5049,499.2176,0.0,0.3598
tik,149,0,1,21.6848,495.6198,90.0,7.1956
tik,149,0,2,21.5049,492.022,0.0,0.3598
tik,149,0,3,21.325,495.6198,90.0,7.1956
tik,150,0,0,173.0659,499.2105,0.0,0.3598
tik,150,0,1,173.2458,495.6128,90.0,7.1955
tik,150,0,2,173.0659,492.015,0.0,0.3598
tik,150,0,3,172.886,495.6128,90.0,7.1955
tik,151,0,0,324.6269,499.2036,0.0,0.3598
tik,151,0,1,324.8068,495.6058,90.0,7.1956
tik,151,0,2,324.6269,492.008,0.0,0.3598
tik,151,0,3,324.447,495.6058,90.0,7.1956
tik,152,0,0,21.4659,314.0356,0.0,0.3598
tik,152,0,1,21.6458,310.4378,90.0,7.1956
tik,152,0,2,21.4659,306.84,0.0,0.3598
tik,152,0,3,21.286,310.4378,90.0,7.1956
tik,153,0,0,173.0569,314.0276,0.0,0.3598
tik,153,0,1,173.2368,310.4298,90.0,7.1956
tik,153,0,2,173.0569,306.832,0.0,0.3598
tik,153,0,3,172.877,310.4298,90.0,7.1956
tik,154,0,0,324.6479,314.0206,0.0,0.3598
tik,154,0,1,324.8278,310.4228,90.0,7.1956
tik,154,0,2,324.6479,306.825,0.0,0.3598
tik,154,0,3,324.468,310.4228,90.0,7.1956
tik,155,0,0,324.3529,128.8356,0.0,0.3598
tik,155,0,1,324.5328,125.2378,90.0,7.1956
tik,155,0,2,324.3529,121.64,0.0,0.3598
tik,155,0,3,324.173,125.2378,90.0,7.1956
tik,156,0,0,21.2909,128.8506,0.0,0.3598
tik,156,0,1,21.4708,125.2528,90.0,7.1956
tik,156,0,2,21.2909,121.655,0.0,0.3598
tik,156,0,3,21.111,125.2528,90.0,7.1956
tik,157,0,0,95.8031,532.8088,0.0,2.8782
tik,157,0,1,97.2422,532.6289,90.0,0.3598
tik,157,0,2,95.8031,532.449,0.0,2.8782
tik,157,0,3,94.364,532.6289,90.0,0.3598
tik,158,0,0,95.7941,514.2908,0.0,2.8782
tik,158,0,1,97.2332,514.1109,90.0,0.3597
tik,158,0,2,95.7941,513.931,0.0,2.8782
tik,158,0,3,94.355,514.1109,90.0,0.3597
tik,159,0,0,95.7781,477.2538,0.0,2.8782
tik,159,0,1,97.2172,477.0739,90.0,0.3597
tik,159,0,2,95.7781,476.894,0.0,2.8782
tik,159,0,3,94.339,477.0739,90.0,0.3597
tik,160,0,0,95.7691,458.7348,0.0,2.8782
tik,160,0,1,97.2082,458.5549,90.0,0.3598
tik,160,0,2,95.7691,458.375,0.0,2.8782
tik,160,0,3,94.33,458.5549,90.0,0.3598
tik,161,0,0,95.7611,440.2168,0.0,2.8782
tik,161,0,1,97.2002,440.0369,90.0,0.3598
tik,161,0,2,95.7611,439.857,0.0,2.8782
tik,161,0,3,94.322,440.0369,90.0,0.3598
tik,162,0,0,95.7521,421.6988,0.0,2.8782
tik,162,0,1,97.1912,421.5189,90.0,0.3598
tik,162,0,2,95.7521,421.339,0.0,2.8782
tik,162,0,3,94.313,421.5189,90.0,0.3598
tik,163,0,0,95.7351,384.6618,0.0,2.8782
tik,163,0,1,97.1742,384.4819,90.0,0.3598
tik,163,0,2,95.7351,384.302,0.0,2.8782
tik,163,0,3,94.296,384.4819,90.0,0.3598
tik,164,0,0,95.7271,366.1438,0.0,2.8782
tik,164,0,1,97.1662,365.9639,90.0,0.3598
tik,164,0,2,95.7271,365.784,0.0,2.8782
tik,164,0,3,94.288,365.9639,90.0,0.3598
tik,165,0,0,95.7191,347.6248,0.0,2.8782
tik,165,0,1,97.1582,347.4449,90.0,0.3598
tik,165,0,2,95.7191,347.265,0.0,2.8782
tik,165,0,3,94.28,347.4449,90.0,0.3598
tik,166,0,0,95.7101,329.1068,0.0,2.8782
tik,166,0,1,97.1492,328.9269,90.0,0.3598
tik,166,0,2,95.7101,328.747,0.0,2.8782
tik,166,0,3,94.271,328.9269,90.0,0.3598
tik,167,0,0,95.6931,292.0697,0.0,2.8782
tik,167,0,1,97.1322,291.8899,90.0,0.3597
tik,167,0,2,95.6931,291.71,0.0,2.8782
tik,167,0,3,94.254,291.8899,90.0,0.3597
tik,168,0,0,95.6851,273.5508,0.0,2.8782
tik,168,0,1,97.1242,273.3709,90.0,0.3597
tik,168,0,2,95.6851,273.191,0.0,2.8782
tik,168,0,3,94.246,273.3709,90.0,0.3597
tik,169,0,0,95.6761,255.0328,0.0,2.8782
tik,169,0,1,97.1152,254.8529,90.0,0.3598
tik,169,0,2,95.6761,254.673,0.0,2.8782
tik,169,0,3,94.237,254.8529,90.0,0.3598
tik,170,0,0,95.6681,236.5148,0.0,2.8782
tik,170,0,1,97.1072,236.3349,90.0,0.3598
tik,170,0,2,95.6681,236.155,0.0,2.8782
tik,170,0,3,94.229,236.3349,90.0,0.3598
tik,171,0,0,95.6511,199.4778,0.0,2.8782
tik,171,0,1,97.0902,199.2979,90.0,0.3598
tik,171,0,2,95.6511,199.118,0.0,2.8782
tik,171,0,3,94.212,199.2979,90.0,0.3598
tik,172,0,0,95.6431,180.9588,0.0,2.8782
tik,172,0,1,97.0822,180.7789,90.0,0.3598
tik,172,0,2,95.6431,180.599,0.0,2.8782
tik,172,0,3,94.204,180.7789,90.0,0.3598
tik,173,0,0,95.6341,162.4407,0.0,2.8782
tik,173,0,1,97.0732,162.2609,90.0,0.3597
tik,173,0,2,95.6341,162.081,0.0,2.8782
tik,173,0,3,94.195,162.2609,90.0,0.3597
tik,174,0,0,95.6261,143.9228,0.0,2.8782
tik,174,0,1,97.0652,143.7429,90.0,0.3598
tik,174,0,2,95.6261,143.563,0.0,2.8782
tik,174,0,3,94.187,143.7429,90.0,0.3598
tik,175,0,0,95.6091,106.8858,0.0,2.8782
tik,175,0,1,97.0482,106.7059,90.0,0.3598
tik,175,0,2,95.6091,106.526,0.0,2.8782
tik,175,0,3,94.17,106.7059,90.0,0.3598
tik,176,0,0,95.6001,88.3668,0.0,2.8782
tik,176,0,1,97.0392,88.1869,90.0,0.3597
tik,176,0,2,95.6001,88.007,0.0,2.8782
tik,176,0,3,94.161,88.1869,90.0,0.3597
tik,177,0,0,95.5921,69.8488,0.0,2.8782
tik,177,0,1,97.0312,69.6689,90.0,0.3597
tik,177,0,2,95.5921,69.489,0.0,2.8782
tik,177,0,3,94.153,69.6689,90.0,0.3597
tik,178,0,0,95.5841,51.3298,0.0,2.8782
tik,178,0,1,97.0232,51.1499,90.0,0.3598
tik,178,0,2,95.5841,50.97,0.0,2.8782
tik,178,0,3,94.145,51.1499,90.0,0.3598
tik,179,0,0,247.1141,51.3228,0.0,2.8782
tik,179,0,1,248.5532,51.1429,90.0,0.3597
tik,179,0,2,247.1141,50.963,0.0,2.8782
tik,179,0,3,245.675,51.1429,90.0,0.3597
tik,180,0,0,247.1231,69.8417,0.0,2.8782
tik,180,0,1,248.5622,69.6619,90.0,0.3597
tik,180,0,2,247.1231,69.482,0.0,2.8782
tik,180,0,3,245.684,69.6619,90.0,0.3597
tik,181,0,0,247.1311,88.3598,0.0,2.8782
tik,181,0,1,248.5702,88.1799,90.0,0.3598
tik,181,0,2,247.1311,88.0,0.0,2.8782
tik,181,0,3,245.692,88.1799,90.0,0.3598
tik,182,0,0,247.1401,106.8777,0.0,2.8782
tik,182,0,1,248.5792,106.6979,90.0,0.3597
tik,182,0,2,247.1401,106.518,0.0,2.8782
tik,182,0,3,245.701,106.6979,90.0,0.3597
tik,183,0,0,247.2071,255.0258,0.0,2.8782
tik,183,0,1,248.6462,254.8459,90.0,0.3597
tik,183,0,2,247.2071,254.666,0.0,2.8782
tik,183,0,3,245.768,254.8459,90.0,0.3597
tik,184,0,0,247.2161,273.5437,0.0,2.8782
tik,184,0,1,248.6552,273.3639,90.0,0.3597
tik,184,0,2,247.2161,273.184,0.0,2.8782
tik,184,0,3,245.777,273.3639,90.0,0.3597
tik,185,0,0,247.2241,292.0617,0.0,2.8782
tik,185,0,1,248.6632,291.8819,90.0,0.3597
tik,185,0,2,247.2241,291.702,0.0,2.8782
tik,185,0,3,245.785,291.8819,90.0,0.3597
tik,186,0,0,247.2411,329.0988,0.0,2.8782
tik,186,0,1,248.6802,328.9189,90.0,0.3598
tik,186,0,2,247.2411,328.739,0.0,2.8782
tik,186,0,3,245.802,328.9189,90.0,0.3598
tik,187,0,0,247.2491,347.6177,0.0,2.8782
tik,187,0,1,248.6882,347.4379,90.0,0.3597
tik,187,0,2,247.2491,347.258,0.0,2.8782
tik,187,0,3,245.81,347.4379,90.0,0.3597
tik,188,0,0,247.2581,366.1357,0.0,2.8782
tik,188,0,1,248.6972,365.9559,90.0,0.3597
tik,188,0,2,247.2581,365.776,0.0,2.8782
tik,188,0,3,245.819,365.9559,90.0,0.3597
tik,189,0,0,247.2661,384.6538,0.0,2.8782
tik,189,0,1,248.7052,384.4739,90.0,0.3598
tik,189,0,2,247.2661,384.294,0.0,2.8782
tik,189,0,3,245.827,384.4739,90.0,0.3598
tik,190,0,0,247.2831,421.6908,0.0,2.8782
tik,190,0,1,248.7222,421.5109,90.0,0.3598
tik,190,0,2,247.2831,421.331,0.0,2.8782
tik,190,0,3,245.844,421.5109,90.0,0.3598
tik,191,0,0,247.2921,440.2098,0.0,2.8782
tik,191,0,1,248.7312,440.0299,90.0,0.3598
tik,191,0,2,247.2921,439.85,0.0,2.8782
tik,191,0,3,245.853,440.0299,90.0,0.3598
tik,192,0,0,247.3251,514.2827,0.0,2.8782
tik,192,0,1,248.7642,514.1028,90.0,0.3597
tik,192,0,2,247.3251,513.923,0.0,2.8782
tik,192,0,3,245.886,514.1028,90.0,0.3597
tik,193,0,0,247.3341,532.8019,0.0,2.8782
tik,193,0,1,248.7732,532.622,90.0,0.3599
tik,193,0,2,247.3341,532.442,0.0,2.8782
tik,193,0,3,245.895,532.622,90.0,0.3599
tik,194,0,0,97.1828,403.1797,0.0,7.1956
tik,194,0,1,100.7806,402.9999,90.0,0.3597
tik,194,0,2,97.1828,402.82,0.0,7.1956
tik,194,0,3,93.585,402.9999,90.0,0.3597
tik,195,0,0,97.0988,217.9958,0.0,7.1956
tik,195,0,1,100.6966,217.8159,90.0,0.3598
tik,195,0,2,97.0988,217.636,0.0,7.1956
tik,195,0,3,93.501,217.8159,90.0,0.3598
tik,196,0,0,248.7138,403.1728,0.0,7.1956
tik,196,0,1,252.3116,402.9929,90.0,0.3598
tik,196,0,2,248.7138,402.813,0.0,7.1956
tik,196,0,3,245.116,402.9929,90.0,0.3598
tik,197,0,0,97.169,372.599,89.9739,356.066
tik,198,0,0,193.94,495.6115,179.9972,352.578
tik,199,0,0,340.5295,453.743,66.7093,5.6374
tik,199,0,1,342.759,453.743,113.3001,5.6378
tik,200,0,0,341.9255,451.7955,135.0,0.5926
tik,200,0,1,341.5065,451.7955,45.0,0.5926
tik,200,0,2,341.5065,451.3765,135.0,0.5926
tik,200,0,3,341.9255,451.3765,45.0,0.5926
tik,201,0,0,332.9685,371.814,58.234,1.776
tik,201,0,1,331.638,370.915,9.4733,1.7499
tik,201,0,2,331.3865,370.1235,133.3627,1.7812
tik,201,0,3,331.926,368.5775,85.4181,1.8028
tik,201,0,4,332.645,368.0385,24.441,1.7377
tik,201,0,5,334.227,368.074,157.7258,1.7096
tik,201,0,6,334.946,368.613,94.7696,1.732
tik,201,0,7,335.4495,370.1235,48.3691,1.7326
tik,201,0,8,335.162,370.915,170.5265,1.7498
tik,202,0,0,333.919,370.392,134.9995,1.369
tik,202,0,1,332.9515,370.392,45.0294,1.3683
tik,202,0,2,332.9515,369.424,134.9706,1.3683
tik,202,0,3,333.919,369.424,45.0005,1.369
tik,203,0,0,57.19,240.2745,90.0,69.761
tik,204,0,0,67.2225,238.081,72.9374,68.3839
tik,205,0,0,75.8525,266.201,72.9286,9.555
tik,205,0,1,74.738,261.778,26.5644,0.644
tik,205,0,2,75.2775,261.994,15.9768,0.5232
tik,205,0,3,75.7805,262.066,0.0,0.503
tik,205,0,4,76.14,262.03,161.5675,0.2277
tik,205,0,5,76.464,261.886,153.4345,0.483
tik,205,0,6,76.644,262.893,91.8494,2.2311
tik,205,0,7,76.644,265.1225,88.1497,2.2302
tik,205,0,8,76.7875,267.028,82.2608,1.5965
tik,206,0,0,58.4125,267.4955,47.4225,3.6137
tik,206,0,1,58.916,270.552,112.6152,3.7395
tik,206,0,2,57.6935,274.5435,102.5301,4.6416
tik,206,0,3,56.7225,274.5435,78.3403,4.6265
tik,206,0,4,55.5,270.552,66.3741,3.7678
tik,207,0,0,248.665,295.3215,89.9741,62.033
tik,208,0,0,248.734,446.9285,89.9741,26.483
tik,209,0,0,71.7975,379.3385,139.0174,8.8819
tik,210,0,0,77.2195,375.271,128.1797,5.1623
tik,210,0,1,75.387,376.863,61.5274,0.9943
tik,210,0,2,74.7505,376.13,36.5363,0.9944
tik,211,0,0,126.626,351.45,139.0179,14.0678
tik,212,0,0,134.0055,345.682,128.1796,5.1623
tik,212,0,1,132.173,347.274,61.5274,0.9943
tik,212,0,2,131.5365,346.541,36.5358,0.9944
tik,213,0,0,202.1865,392.022,66.7093,5.6374
tik,213,0,1,204.416,392.022,113.3,5.6378
tik,214,0,0,203.5825,390.0735,135.0,0.5926
tik,214,0,1,203.1635,390.0735,45.001,0.5926
tik,214,0,2,203.1635,389.6545,134.999,0.5926
tik,214,0,3,203.5825,389.6545,45.0,0.5926
tik,215,0,0,253.1185,421.2295,89.9831,10.173
tik,216,0,0,253.601,413.823,79.1472,5.1623
tik,216,0,1,253.602,416.25,12.554,0.9938
tik,216,0,2,252.6315,416.2505,167.4027,0.9949
tik,217,0,0,253.1995,144.0,89.9786,8.058
tik,218,0,0,252.717,150.348,79.1472,5.1623
tik,218,0,1,252.716,147.9205,12.4973,0.9935
tik,218,0,2,253.6865,147.92,167.4584,0.9947
tik,219,0,0,273.4755,224.21,139.0194,10.6831
tik,220,0,0,267.3735,228.868,128.1797,5.1624
tik,220,0,1,269.206,227.276,61.5282,0.9943
tik,220,0,2,269.8425,228.009,36.5354,0.9944
tik,221,0,0,272.4045,132.39,55.0131,18.1012
tik,222,0,0,194.39,440.3705,141.992,28.2134
tik,223,0,0,207.6315,430.6385,131.1515,5.1622
tik,223,0,1,205.719,432.133,64.517,0.9948
tik,223,0,2,205.121,431.368,39.4515,0.9946
tik,224,0,0,308.6505,88.2715,109.5677,18.7478
tik,225,0,0,304.2765,99.1275,98.7233,5.1627
tik,225,0,1,305.0895,96.8405,32.1082,0.9952
tik,225,0,2,306.0045,97.166,7.0469,0.9945
tik,226,0,0,248.692,355.316,89.9743,57.956
tik,226,0,1,248.7165,408.9905,89.9733,49.393
tik,227,0,0,277.0095,455.423,34.2951,11.7667
tik,228,0,0,270.507,450.4005,23.4565,5.1626
tik,228,0,1,272.512,451.768,136.8729,0.9947
tik,228,0,2,271.965,452.57,111.7165,0.9946
tik,229,0,0,34.3345,545.654,9.4695,1.3129
tik,229,0,1,35.2695,546.3015,61.9467,1.2226
tik,229,0,2,35.8085,546.3015,114.9938,1.1905
tik,229,0,3,36.7435,545.654,171.0209,1.384
tik,229,0,4,36.9955,545.0785,47.2931,1.2724
tik,229,0,5,36.6715,543.9275,98.9382,1.3838
tik,229,0,6,36.168,543.604,149.4935,1.4183
tik,229,0,7,34.9815,543.604,32.0279,1.3576
tik,229,0,8,34.514,543.9275,81.0209,1.384
tik,230,0,0,119.8145,401.361,66.7093,5.6374
tik,230,0,1,122.044,401.361,113.3,5.6378
tik,231,0,0,121.2105,399.4135,134.9995,0.5926
tik,231,0,1,120.7915,399.4135,45.0005,0.5926
tik,231,0,2,120.7915,398.9945,134.9995,0.5926
tik,231,0,3,121.2105,398.9945,45.0005,0.5926
tik,232,0,0,124.7955,421.151,66.7093,5.6374
tik,232,0,1,127.025,421.151,113.3,5.6378
tik,233,0,0,126.1915,419.2035,134.9995,0.5926
tik,233,0,1,125.7725,419.2035,45.0005,0.5926
tik,233,0,2,125.7725,418.7845,134.9995,0.5926
tik,233,0,3,126.1915,418.7845,45.0005,0.5926
tik,234,0,0,132.5725,407.571,66.7093,5.6374
tik,234,0,1,134.802,407.571,113.3,5.6378
tik,235,0,0,133.9685,405.6225,135.0,0.5926
tik,235,0,1,133.5495,405.6225,45.001,0.5926
tik,235,0,2,133.5495,405.2035,134.999,0.5926
tik,235,0,3,133.9685,405.2035,45.0,0.5926
tik,236,0,0,250.969,137.161,45.0,1.2247
tik,236,0,1,250.969,136.295,135.0,1.2247
tik,236,0,2,251.835,136.295,45.0,1.2247
tik,236,0,3,251.835,137.161,135.0,1.2247
tik,237,0,0,292.854,209.493,45.0,1.2247
tik,237,0,1,292.854,208.627,135.0,1.2247
tik,237,0,2,293.72,208.627,45.0,1.2247
tik,237,0,3,293.72,209.493,135.0,1.2247
tik,238,0,0,250.893,445.137,45.0,1.2247
tik,238,0,1,250.893,444.271,135.0,1.2247
tik,238,0,2,251.759,444.271,45.0,1.2247
tik,238,0,3,251.759,445.137,135.0,1.2247
tik,239,0,0,66.73,385.387,45.0,1.2247
tik,239,0,1,66.73,384.521,135.0,1.2247
tik,239,0,2,67.596,384.521,45.0,1.2247
tik,239,0,3,67.596,385.387,135.0,1.2247
tik,240,0,0,352.9,122.634,45.0,1.2247
tik,240,0,1,352.9,121.768,135.0,1.2247
tik,240,0,2,353.766,121.768,45.0,1.2247
tik,240,0,3,353.766,122.634,135.0,1.2247
tik,241,0,0,353.026,307.671,45.0,1.2247
tik,241,0,1,353.026,306.805,135.0,1.2247
tik,241,0,2,353.892,306.805,45.0,1.2247
tik,241,0,3,353.892,307.671,135.0,1.2247
tik,242,0,0,353.251,492.879,45.0,1.2247
tik,242,0,1,353.251,492.013,134.9997,1.2247
tik,242,0,2,354.117,492.013,45.0003,1.2247
tik,242,0,3,354.117,492.879,135.0,1.2247
tik,243,0,0,100.332,54.659,45.001,1.2247
tik,243,0,1,100.332,53.793,135.001,1.2247
tik,243,0,2,101.198,53.793,44.999,1.2247
tik,243,0,3,101.198,54.659,134.999,1.2247
tik,244,0,0,252.139,54.656,45.001,1.2247
tik,244,0,1,252.139,53.79,135.001,1.2247
tik,244,0,2,253.005,53.79,44.999,1.2247
tik,244,0,3,253.005,54.656,134.999,1.2247
tik,245,0,0,70.94,243.04,45.0,1.2247
tik,245,0,1,70.94,242.174,135.0,1.2247
tik,245,0,2,71.806,242.174,45.0,1.2247
tik,245,0,3,71.806,243.04,135.0,1.2247
tik,246,0,0,193.94,550.632,0.0,352.578
tik,246,0,1,370.229,296.99,90.0,507.284
tik,246,0,2,193.94,43.348,0.0,352.578
tik,246,0,3,17.651,296.99,90.0,507.284
tik,247,0,0,142.5159,128.1252,0.0,0.3598
tik,247,0,1,142.6958,126.6861,90.0,2.8782
tik,247,0,2,142.5159,125.247,0.0,0.3598
tik,247,0,3,142.336,126.6861,90.0,2.8782
tik,248,0,0,157.6689,128.1242,0.0,0.3597
tik,248,0,1,157.8487,126.6851,90.0,2.8782
tik,248,0,2,157.6689,125.246,0.0,0.3597
tik,248,0,3,157.489,126.6851,90.0,2.8782
tik,249,0,0,187.9749,128.1232,0.0,0.3598
tik,249,0,1,188.1548,126.6841,90.0,2.8782
tik,249,0,2,187.9749,125.245,0.0,0.3598
tik,249,0,3,187.795,126.6841,90.0,2.8782
tik,250,0,0,203.1279,128.1222,0.0,0.3598
tik,250,0,1,203.3078,126.6831,90.0,2.8782
tik,250,0,2,203.1279,125.244,0.0,0.3598
tik,250,0,3,202.948,126.6831,90.0,2.8782
tik,251,0,0,218.2809,128.1212,0.0,0.3598
tik,251,0,1,218.4608,126.6821,90.0,2.8782
tik,251,0,2,218.2809,125.243,0.0,0.3598
tik,251,0,3,218.101,126.6821,90.0,2.8782
tik,252,0,0,233.4339,128.1202,0.0,0.3598
tik,252,0,1,233.6138,126.6811,90.0,2.8782
tik,252,0,2,233.4339,125.242,0.0,0.3598
tik,252,0,3,233.254,126.6811,90.0,2.8782
tik,253,0,0,172.8219,128.8436,0.0,0.3598
tik,253,0,1,173.0018,125.2458,90.0,7.1956
tik,253,0,2,172.8219,121.648,0.0,0.3598
tik,253,0,3,172.642,125.2458,90.0,7.1956
tik,254,0,0,247.1571,143.9147,0.0,2.8782
tik,254,0,1,248.5962,143.7349,90.0,0.3597
tik,254,0,2,247.1571,143.555,0.0,2.8782
tik,254,0,3,245.718,143.7349,90.0,0.3597
tik,255,0,0,247.1651,162.4338,0.0,2.8782
tik,255,0,1,248.6042,162.2539,90.0,0.3598
tik,255,0,2,247.1651,162.074,0.0,2.8782
tik,255,0,3,245.726,162.2539,90.0,0.3598
tik,256,0,0,247.1731,180.9518,0.0,2.8782
tik,256,0,1,248.6122,180.7719,90.0,0.3598
tik,256,0,2,247.1731,180.592,0.0,2.8782
tik,256,0,3,245.734,180.7719,90.0,0.3598
tik,257,0,0,247.1991,236.5068,0.0,2.8782
tik,257,0,1,248.6382,236.3269,90.0,0.3598
tik,257,0,2,247.1991,236.147,0.0,2.8782
tik,257,0,3,245.76,236.3269,90.0,0.3598
tik,258,0,0,248.6297,217.9888,0.0,7.1954
tik,258,0,1,252.2274,217.8089,90.0,0.3598
tik,258,0,2,248.6297,217.629,0.0,7.1954
tik,258,0,3,245.032,217.8089,90.0,0.3598
tik,259,0,0,133.216,125.2475,179.9973,231.13
tik,260,0,0,248.584,118.0245,89.9739,149.353
tik,261,0,0,248.637,235.307,89.9743,57.994
tik,262,0,0,294.3299,313.3022,0.0,0.3597
tik,262,0,1,294.5097,311.8631,90.0,2.8782
tik,262,0,2,294.3299,310.424,0.0,0.3597
tik,262,0,3,294.15,311.8631,90.0,2.8782
tik,263,0,0,193.94,310.4295,179.9972,352.578
tik,264,0,0,58.905,183.059,135.0001,1.2247
tik,264,0,1,58.039,183.059,45.0,1.2247
tik,264,0,2,58.039,182.193,135.0,1.2247
tik,264,0,3,58.905,182.193,44.9999,1.2247
tik,265,0,0,279.1709,313.3032,0.0,0.3598
tik,265,0,1,279.3508,311.8641,90.0,2.8782
tik,265,0,2,279.1709,310.425,0.0,0.3598
tik,265,0,3,278.991,311.8641,90.0,2.8782
tik,266,0,0,309.4889,313.3012,0.0,0.3597
tik,266,0,1,309.6687,311.8621,90.0,2.8782
tik,266,0,2,309.4889,310.423,0.0,0.3597
tik,266,0,3,309.309,311.8621,90.0,2.8782
tik,267,0,0,177.1145,374.815,66.7093,5.6374
tik,267,0,1,179.344,374.815,113.3,5.6378
tik,268,0,0,178.7125,374.815,66.7093,5.6374
tik,268,0,1,180.942,374.815,113.3,5.6378
tik,269,0,0,179.1985,372.8565,135.0,0.5926
tik,269,0,1,178.7795,372.8565,45.001,0.5926
tik,269,0,2,178.7795,372.4375,134.999,0.5926
tik,269,0,3,179.1985,372.4375,45.0,0.5926
tik,270,0,0,220.691,361.8848,0.0,6.308
tik,270,0,1,223.845,360.2334,90.0,3.3028
tik,270,0,2,220.691,358.582,0.0,6.308
tik,270,0,3,217.537,360.2334,90.0,3.3028
tik,271,0,0,321.4305,125.2385,179.9971,97.597
tik,272,0,0,288.382,163.394,0.0,21.576
tik,272,0,1,299.17,151.5995,90.0,23.589
tik,272,0,2,288.382,139.805,0.0,21.576
tik,272,0,3,277.594,151.5995,90.0,23.589
tik,273,0,0,262.26,112.0735,90.357,5.7791
tik,273,0,1,260.736,109.188,179.8515,3.084
tik,273,0,2,257.7505,109.172,0.794,2.8873
tik,273,0,3,256.3,112.7145,90.1126,7.125
tik,273,0,4,256.422,278.843,89.9545,325.1321
tik,273,0,5,256.485,444.4895,91.2273,6.1624
tik,273,0,6,257.9505,447.5715,0.0559,3.063
tik,273,0,7,261.0155,447.5505,179.1597,3.0673
tik,273,0,8,262.5125,438.8555,89.7589,17.3452
tik,273,0,9,262.3705,308.2075,89.9504,243.9511
tik,273,0,10,262.254,163.197,89.9726,46.07
tik,274,0,0,286.7045,200.248,49.2552,2.983
tik,274,0,1,283.222,201.3255,138.6576,6.6838
tik,274,0,2,179.771,291.4045,138.9599,267.6616
tik,274,0,3,67.292,389.253,139.1473,30.5053
tik,274,0,4,56.772,400.3845,48.6231,3.0771
tik,274,0,5,58.792,402.688,48.8811,3.0504
tik,274,0,6,60.1395,403.54,139.2348,0.9097
tik,274,0,7,168.5415,309.161,138.955,286.5508
tik,274,0,8,283.139,209.38,138.931,17.3494
tik,275,0,0,182.328,415.4255,165.1535,0.3083
tik,275,0,1,182.17,415.4005,177.2966,0.6147
tik,275,0,2,181.819,415.627,101.7269,0.433
tik,276,0,0,172.4895,414.9045,179.8383,1.773
tik,276,0,1,171.561,415.3785,95.0903,0.9467
tik,276,0,2,171.645,415.85,0.0,0.252
tik,276,0,3,172.7725,415.8345,179.1136,2.0032
tik,276,0,4,173.927,415.8055,174.956,0.3072
tik,276,0,5,173.7505,415.758,5.8908,0.6625
tik,277,0,0,178.6325,415.153,100.2333,1.2214
tik,277,0,1,178.331,414.554,179.7207,0.82
tik,277,0,2,177.925,415.141,89.6085,1.17
tik,277,0,3,177.617,415.7275,179.724,0.624
tik,277,0,4,177.2595,415.7575,147.9428,0.1074
tik,278,0,0,120.266,414.434,89.9001,4.59
tik,278,0,1,120.257,409.066,89.9068,6.146
tik,278,0,2,117.803,405.9975,179.8949,4.898
tik,278,0,3,115.3595,409.2275,89.9023,6.451
tik,278,0,4,115.3605,413.3865,90.2763,1.867
tik,278,0,5,115.364,415.5285,89.6207,2.417
tik,279,0,0,126.906,406.6555,88.2498,0.5893
tik,279,0,1,126.3115,406.3605,0.0485,1.171
tik,279,0,2,125.668,404.6975,88.002,3.327
tik,279,0,3,123.3505,403.0665,179.2014,4.5194
tik,279,0,4,121.11,404.549,89.2499,2.9023
tik,279,0,5,120.6905,405.997,0.3918,0.877
tik,279,0,6,120.257,409.067,89.9068,6.146
tik,279,0,7,124.22,412.13,179.8552,7.916
tik,279,0,8,129.1375,412.048,175.7087,1.9244
tik,279,0,9,130.1135,411.423,91.7093,1.1065
tik,279,0,10,130.231,409.518,94.2722,2.7115
tik,279,0,11,130.508,408.1615,178.535,0.3521
tik,279,0,12,130.6765,407.573,89.2643,1.1681
tik,279,0,13,130.522,406.976,5.0539,0.2952
tik,280,0,0,130.3485,406.174,88.0766,1.5789
tik,280,0,1,130.5985,405.372,177.308,0.5536
tik,280,0,2,130.8655,404.0715,89.5773,2.5751
tik,280,0,3,130.5795,402.797,177.3081,0.5536
tik,280,0,4,130.2085,398.955,88.5958,7.7123
tik,280,0,5,129.8035,395.09,1.8436,0.6213
tik,280,0,6,129.48,395.8285,90.9951,1.4972
tik,280,0,7,128.0025,396.5615,0.6062,2.9292
tik,280,0,8,126.507,398.3585,90.9799,3.6255
tik,280,0,9,127.974,400.174,0.1147,2.996
tik,280,0,10,129.516,402.3565,88.8435,4.3599
tik,280,0,11,129.561,405.089,89.8964,1.106
tik,280,0,12,129.5625,406.0015,89.9197,0.719
tik,280,0,13,128.23,406.3605,0.0213,2.666
tik,280,0,14,126.9055,406.6545,88.3469,0.5892
tik,281,0,0,129.561,405.089,89.8964,1.106
tik,281,0,1,129.232,404.5325,0.6117,0.656
tik,281,0,2,128.903,405.0805,90.1038,1.103
tik,282,0,0,148.4805,416.2425,90.3829,0.749
tik,282,0,1,147.7205,415.3385,34.7771,1.8566
tik,282,0,2,146.9595,414.4015,90.2113,0.815
tik,282,0,3,146.575,413.972,3.2625,0.7733
tik,282,0,4,146.382,415.588,83.28,3.2987
tik,282,0,5,146.9295,417.237,1.7776,0.7093
tik,282,0,6,147.796,417.26,1.3427,1.0243
tik,283,0,0,154.5445,416.605,90.5645,0.508
tik,283,0,1,154.3225,416.3595,177.832,0.4493
tik,283,0,2,153.904,415.1445,80.9901,2.4776
tik,283,0,3,153.344,413.9935,168.7951,0.7462
tik,283,0,4,152.9745,414.4285,90.5535,0.725
tik,283,0,5,152.2245,415.3515,143.0997,1.867
tik,283,0,6,151.444,416.2655,95.4945,0.7103
tik,283,0,7,152.6415,416.8975,12.7431,2.5252
tik,283,0,8,153.922,417.0085,106.307,0.349
tik,284,0,0,148.349,417.8155,85.6938,1.0921
tik,284,0,1,147.796,417.2595,1.2864,1.0243
tik,284,0,2,147.327,417.8195,85.6972,1.1462
tik,285,0,0,182.397,435.677,82.9786,1.0962
tik,285,0,1,182.079,434.216,74.6921,1.9015
tik,285,0,2,181.8195,428.873,89.89,8.852
tik,285,0,3,181.852,424.157,98.0472,0.5858
tik,285,0,4,176.7065,424.1195,177.2128,10.3853
tik,285,0,5,171.778,425.1005,70.4981,1.5457
tik,285,0,6,171.832,429.791,92.9475,7.9345
tik,285,0,7,171.8085,434.586,77.774,1.7047
tik,285,0,8,171.9635,435.816,93.6748,0.7956
tik,285,0,9,174.924,436.1545,178.8776,5.9731
tik,285,0,10,178.1515,436.085,177.3917,0.4835
tik,285,0,11,179.288,436.1185,2.8466,1.7922
tik,285,0,12,180.462,436.163,0.0,0.558
tik,286,0,0,180.996,415.8005,2.9026,1.56
tik,286,0,1,179.371,415.7575,0.2372,1.692
tik,286,0,2,177.8695,415.7705,178.5579,1.3114
tik,286,0,3,175.494,415.803,179.4671,3.4402
tik,286,0,4,172.7725,415.8345,179.1136,2.0032
tik,286,0,5,171.6375,415.9195,152.4971,0.301
tik,286,0,6,171.61,418.643,87.7129,5.3122
tik,286,0,7,176.842,421.058,177.3305,10.2631
tik,286,0,8,181.8775,418.2395,87.9906,5.1622
tik,287,0,0,181.9295,422.3425,91.41,3.0479
tik,287,0,1,176.841,421.0575,177.3361,10.2631
tik,287,0,2,171.6175,422.8335,93.6284,3.0812
tik,288,0,0,166.104,415.9085,178.9529,0.9301
tik,288,0,1,165.4835,415.8725,15.9703,0.3235
tik,288,0,2,165.3465,415.997,83.7527,0.34
tik,288,0,3,165.793,416.1975,4.2086,0.8583
tik,289,0,0,171.645,415.85,0.0,0.252
tik,289,0,1,169.044,415.8755,179.4098,4.9503
tik,289,0,2,166.395,416.0655,136.6073,0.4789
tik,289,0,3,168.8625,416.1095,177.3881,5.2885
tik,290,0,0,188.0605,415.544,100.0001,0.4549
tik,290,0,1,187.7625,415.394,167.6333,0.691
tik,290,0,2,187.2385,415.5835,148.2297,0.4387
tik,291,0,0,187.2395,415.5835,148.2297,0.4387
tik,291,0,1,184.8025,415.4665,0.0327,5.247
tik,291,0,2,181.983,415.562,153.67,0.4374
tik,292,0,0,168.8085,435.188,0.3843,4.1751
tik,292,0,1,170.9225,435.324,77.7465,0.2497
tik,292,0,2,171.469,435.4325,178.5124,1.0404
tik,292,0,3,171.8085,434.5855,77.7806,1.7056
tik,292,0,4,168.5735,433.751,0.0187,6.109
tik,292,0,5,165.643,434.6025,81.7241,1.7229
tik,292,0,6,166.223,435.436,177.6134,0.9128
tik,293,0,0,185.3965,434.8705,179.8502,4.209
tik,293,0,1,187.525,435.0025,80.0985,0.2792
tik,293,0,2,188.034,435.129,178.7005,0.9703
tik,293,0,3,188.293,434.203,76.1256,1.885
tik,293,0,4,184.9475,433.2935,179.899,6.239
tik,293,0,5,182.079,434.216,74.6921,1.9015
tik,293,0,6,182.7935,435.135,0.2471,0.927
tik,294,0,0,168.182,415.6485,1.229,0.6061
tik,294,0,1,167.783,415.745,132.9865,0.2816
tik,294,0,2,167.9935,415.848,0.0,0.613
tik,295,0,0,323.282,313.474,89.5717,6.1522
tik,295,0,1,322.15,310.444,177.6245,2.2199
tik,295,0,2,321.109,310.811,78.0379,0.6562
tik,295,0,3,321.0735,313.776,92.2417,5.292
tik,296,0,0,178.4935,436.6995,80.7829,1.2674
tik,296,0,1,178.1505,436.085,177.3917,0.4835
tik,296,0,2,177.9725,436.6965,83.9638,1.2077
tik,297,0,0,180.7825,436.739,85.8865,1.157
tik,297,0,1,180.462,436.162,0.0,0.558
tik,297,0,2,180.242,436.7385,84.156,1.159
tik,298,0,0,216.0325,425.5415,135.111,5.8365
tik,298,0,1,217.8695,423.245,45.7966,0.6612
tik,298,0,2,217.9045,422.7435,135.1089,0.7495
tik,298,0,3,217.767,422.074,45.1423,1.1427
tik,298,0,4,217.0745,421.9175,139.3572,0.7631
tik,298,0,5,216.6005,421.9835,44.6879,0.519
tik,298,0,6,214.337,423.8615,135.2561,5.8542
tik,298,0,7,212.0935,426.088,134.7394,0.4674
tik,298,0,8,212.05,426.3755,45.119,0.3429
tik,298,0,9,212.36,426.3085,135.0764,0.5339
tik,298,0,10,212.6915,426.263,45.0995,0.4038
tik,298,0,11,214.7675,424.482,135.1411,5.4553
tik,298,0,12,217.0045,422.863,45.1408,0.8606
tik,298,0,13,215.3805,425.086,135.1415,5.4384
tik,298,0,14,213.604,427.156,45.1904,0.4285
tik,298,0,15,213.5625,427.5,135.0739,0.5438
tik,298,0,16,213.4945,427.8175,45.2273,0.3536
tik,299,0,0,216.123,423.74,45.1884,0.8598
tik,299,0,1,214.327,424.9205,135.1443,4.2122
tik,299,0,2,213.1435,426.7045,43.9641,0.86
tik,300,0,0,218.07,421.722,45.1689,0.9588
tik,300,0,1,217.548,421.5255,142.0517,0.4667
tik,300,0,2,217.722,422.0285,45.12,1.0147
tik,301,0,0,209.581,416.1385,45.21,1.3513
tik,301,0,1,208.5785,416.1935,134.5682,1.5005
tik,301,0,2,207.8485,416.945,133.1606,0.595
tik,301,0,3,207.9,417.422,45.5551,0.7284
tik,301,0,4,208.3485,417.884,46.2322,0.5595
tik,302,0,0,207.901,417.422,45.5568,0.7284
tik,302,0,1,207.849,416.945,133.0908,0.5943
tik,302,0,2,207.655,416.3375,44.5276,1.1137
tik,302,0,3,206.8555,416.366,133.8497,1.162
tik,302,0,4,206.586,416.913,43.9014,0.3692
tik,302,0,5,206.581,417.264,121.7508,0.5245
tik,302,0,6,206.515,417.563,46.5502,0.2094
tik,302,0,7,206.789,417.449,136.7535,0.5546
tik,302,0,8,207.366,417.657,46.7045,1.0937
tik,303,0,0,208.3495,417.884,46.2322,0.5595
tik,303,0,1,207.9485,417.8685,138.0515,0.558
tik,303,0,2,207.366,417.657,46.7039,1.0937
tik,303,0,3,206.789,417.4495,136.6779,0.5553
tik,303,0,4,206.515,417.5635,46.7332,0.2101
tik,303,0,5,206.3645,417.3955,49.3731,0.2411
tik,303,0,6,205.601,417.959,136.2825,1.8955
tik,303,0,7,205.6615,419.4155,47.0731,2.1892
tik,303,0,8,206.463,420.1655,137.3978,0.1522
tik,304,0,0,210.6285,414.6665,35.5138,0.5664
tik,304,0,1,209.7515,415.0805,138.1773,1.7351
tik,304,0,2,209.581,416.1385,45.21,1.3513
tik,304,0,3,210.4855,416.1925,135.2012,1.2077
tik,304,0,4,210.61,415.633,23.7883,0.6644
tik,305,0,0,228.8085,443.504,89.8102,0.304
tik,305,0,1,228.9005,442.7145,98.2565,1.2883
tik,305,0,2,227.355,442.23,174.6637,3.2903
tik,305,0,3,225.714,442.31,87.6422,0.1461
tik,305,0,4,224.8805,442.1975,2.7229,1.6629
tik,305,0,5,224.0375,442.927,90.931,1.5382
tik,305,0,6,224.029,443.8055,87.9092,0.2192
tik,305,0,7,224.8605,443.904,179.2383,1.6551
tik,305,0,8,225.708,443.777,99.7847,0.2354
tik,306,0,0,224.0375,442.927,90.931,1.5382
tik,306,0,1,223.3855,442.209,175.6116,1.3329
tik,306,0,2,222.722,442.3535,89.3876,0.187
tik,306,0,3,222.3805,442.45,179.4984,0.685
tik,306,0,4,222.0465,443.3095,89.4315,1.7131
tik,306,0,5,222.7715,444.16,179.5199,1.433
tik,306,0,6,223.4865,443.99,89.4776,0.328
tik,307,0,0,228.8575,444.868,87.7066,2.4239
tik,307,0,1,227.268,443.659,179.9257,3.082
tik,307,0,2,225.7075,443.7775,99.5025,0.2362
tik,307,0,3,225.781,444.723,83.599,1.6684
tik,307,0,4,225.565,445.558,178.8882,0.6181
tik,307,0,5,225.2405,445.939,92.3673,0.7506
tik,307,0,6,226.3685,446.3305,0.8268,2.2872
tik,307,0,7,227.5185,446.1865,92.3192,0.3213
tik,308,0,0,162.2475,435.059,88.6285,0.7102
tik,308,0,1,162.242,434.6075,91.7797,0.1931
tik,308,0,2,160.7595,434.511,0.0,2.971
tik,308,0,3,159.2715,434.9625,90.3176,0.903
tik,309,0,0,114.628,257.5745,56.7373,0.3719
tik,309,0,1,114.2795,257.069,54.843,0.8562
tik,309,0,2,112.801,257.658,142.6864,3.0981
tik,309,0,3,111.888,259.0095,52.2834,1.0429
tik,310,0,0,113.4495,262.2525,43.2903,1.4219
tik,310,0,1,112.701,261.981,136.9214,0.6325
tik,310,0,2,113.0225,262.738,44.3974,1.5465
tik,311,0,0,317.245,302.362,179.7741,1.014
tik,311,0,1,316.654,302.7765,101.5099,0.8419
tik,311,0,2,317.078,303.1865,179.7178,1.016
tik,312,0,0,128.2315,252.1995,51.2688,1.3729
tik,312,0,1,127.63,251.48,46.929,0.5037
tik,312,0,2,125.179,253.2895,138.823,6.0557
tik,312,0,3,123.0705,255.4725,48.0207,0.5098
tik,312,0,4,123.637,256.212,54.2463,1.3555
tik,313,0,0,122.8175,246.994,140.1676,1.3738
tik,313,0,1,120.4835,248.9625,139.765,4.7328
tik,313,0,2,118.843,250.6645,46.2642,0.4802
tik,313,0,3,119.195,251.0685,51.0983,0.5924
tik,313,0,4,121.6825,249.278,138.7129,6.1258
tik,313,0,5,123.828,247.0535,52.528,0.5128
tik,314,0,0,122.999,246.176,47.5312,1.0249
tik,314,0,1,122.15,246.2425,138.5327,1.3425
tik,314,0,2,121.9685,247.0605,49.2794,0.9856
tik,315,0,0,135.9665,245.404,48.719,5.549
tik,315,0,1,133.544,243.8385,138.7321,1.5752
tik,315,0,2,133.0645,244.4865,48.7996,0.3416
tik,315,0,3,132.5465,245.169,138.6953,1.6786
tik,315,0,4,132.233,246.0855,48.831,0.9631
tik,315,0,5,133.626,245.5055,138.7837,2.8608
tik,315,0,6,135.6515,245.647,48.7841,2.8821
tik,315,0,7,135.5215,247.676,138.8011,2.8694
tik,315,0,8,134.8915,249.133,48.7196,1.3627
tik,316,0,0,131.45,244.644,50.528,0.3524
tik,316,0,1,131.115,244.692,140.4726,0.5782
tik,316,0,2,131.0065,245.01,49.4869,0.3525
tik,317,0,0,129.9865,240.866,48.8268,3.3372
tik,317,0,1,127.656,240.696,138.604,3.2846
tik,317,0,2,127.538,243.037,48.4062,3.3562
tik,318,0,0,186.1945,168.694,90.1319,1.306
tik,318,0,1,184.58,168.0975,177.9975,3.234
tik,318,0,2,183.0315,168.787,83.9128,1.2732
tik,319,0,0,172.797,168.762,91.9371,1.2427
tik,319,0,1,171.2435,168.165,179.1266,3.1494
tik,319,0,2,169.682,168.8335,88.8444,1.2893
tik,320,0,0,179.225,167.6385,3.7426,0.475
tik,320,0,1,178.1495,167.612,0.7517,1.6771
tik,320,0,2,176.9315,167.611,178.4891,0.7593
tik,320,0,3,176.441,168.5085,97.129,1.7888
tik,320,0,4,176.3655,171.685,89.1115,4.5786
tik,320,0,5,177.9675,173.965,179.6707,3.1331
tik,320,0,6,179.4995,171.6475,89.1438,4.6175
tik,321,0,0,182.007,168.1265,1.6458,1.9148
tik,321,0,1,184.58,168.0975,177.9975,3.234
tik,321,0,2,187.209,168.071,1.6971,2.0269
tik,321,0,3,188.259,168.673,86.2986,1.1464
tik,321,0,4,189.045,169.187,175.5722,1.5025
tik,321,0,5,189.8735,168.365,95.9406,1.5362
tik,321,0,6,184.707,167.6275,179.7107,10.4921
tik,321,0,7,179.4625,168.497,89.8978,1.686
tik,321,0,8,180.2455,169.3565,1.2091,1.5634
tik,322,0,0,168.628,168.1905,179.9177,2.082
tik,322,0,1,171.2435,168.165,179.1266,3.1494
tik,322,0,2,173.8145,168.1665,1.4657,1.9936
tik,322,0,3,174.8245,168.814,88.7563,1.2443
tik,322,0,4,175.5835,169.4165,178.5016,1.4915
tik,322,0,5,176.44,168.5095,97.129,1.7888
tik,322,0,6,171.4045,167.706,179.0649,10.2944
tik,322,0,7,166.144,168.567,98.3471,1.5707
tik,322,0,8,166.8115,169.418,5.4084,1.57
tik,323,0,0,178.088,167.1705,179.5409,1.8741
tik,323,0,1,177.231,167.3895,69.281,0.4522
tik,323,0,2,178.1495,167.612,0.7517,1.6771
tik,324,0,0,194.3955,173.591,89.588,1.53
tik,324,0,1,193.8515,172.8305,179.5211,1.077
tik,324,0,2,193.3135,173.603,89.963,1.536
tik,325,0,0,212.346,145.458,89.3567,3.0282
tik,325,0,1,211.861,143.91,4.1548,0.9385
tik,325,0,2,211.3935,144.109,89.8762,0.466
tik,325,0,3,210.879,144.341,0.1103,1.03
tik,325,0,4,210.366,145.3525,89.8869,2.025
tik,325,0,5,210.878,146.366,0.1114,1.02
tik,325,0,6,211.3885,146.601,89.8767,0.468
tik,326,0,0,213.811,142.3185,175.3913,0.61
tik,326,0,1,214.189,141.906,100.7975,0.79
tik,326,0,2,212.8085,141.516,0.0787,2.909
tik,326,0,3,211.3735,142.6945,89.0536,2.3613
tik,326,0,4,211.861,143.9095,4.2161,0.9385
tik,327,0,0,214.286,148.9155,87.7906,0.9337
tik,327,0,1,213.908,148.466,177.2942,0.7208
tik,327,0,2,212.956,147.728,51.8998,1.9189
tik,327,0,3,211.877,146.9045,8.0062,0.9836
tik,327,0,4,211.415,148.086,88.8542,2.5005
tik,328,0,0,287.773,329.3615,11.7334,1.3523
tik,328,0,1,287.1195,333.1165,89.8749,7.785
tik,328,0,2,287.376,336.992,176.0808,0.4972
tik,328,0,3,287.626,337.138,89.2974,0.326
tik,328,0,4,287.878,337.3005,179.8846,0.5
tik,328,0,5,288.1585,337.11,99.1202,0.3849
tik,328,0,6,288.3475,336.907,175.3112,0.3181
tik,328,0,7,288.505,335.955,89.9385,1.878
tik,328,0,8,288.74,335.016,0.0,0.472
tik,328,0,9,288.9515,334.7695,84.3263,0.4954
tik,328,0,10,288.7215,334.4595,17.1688,0.4302
tik,329,0,0,288.402,298.266,92.7361,1.0472
tik,329,0,1,288.4615,297.583,102.1679,0.3274
tik,329,0,2,285.366,297.4215,0.0274,6.26
tik,329,0,3,282.252,298.1495,88.7442,1.4593
tik,330,0,0,288.182,321.525,86.0897,1.6719
tik,330,0,1,287.3115,320.716,178.2402,1.6278
tik,330,0,2,286.448,321.5485,93.5434,1.6181
tik,331,0,0,319.9525,302.17,179.9694,3.767
tik,331,0,1,318.058,302.676,91.248,1.0102
tik,331,0,2,319.8335,303.116,177.9162,3.5754
tik,332,0,0,321.9525,299.92,93.5514,0.5651
tik,332,0,1,321.9995,296.986,90.6372,5.3043
tik,332,0,2,321.0135,294.337,179.8304,2.031
tik,332,0,3,319.987,297.009,90.2362,5.3381
tik,332,0,4,319.9695,299.961,91.3128,0.5661
tik,333,0,0,319.9865,297.009,90.247,5.3381
tik,333,0,1,318.4545,294.5255,173.147,3.1092
tik,333,0,2,316.9115,294.861,89.8077,0.3
tik,333,0,3,316.914,295.4605,89.7452,0.899
tik,333,0,4,316.9175,296.299,89.7798,0.778
tik,333,0,5,316.92,296.949,89.7789,0.522
tik,333,0,6,317.2425,297.209,179.8205,0.643
tik,333,0,7,317.5635,297.5845,90.0743,0.753
tik,333,0,8,317.2435,297.9625,179.7291,0.639
tik,333,0,9,316.925,298.242,89.7956,0.556
tik,333,0,10,316.8985,298.8725,94.4603,0.7071
tik,333,0,11,316.873,299.6745,89.7452,0.899
tik,333,0,12,317.144,300.1285,0.9554,0.5381
tik,334,0,0,316.914,295.4605,89.7452,0.899
tik,334,0,1,316.4345,295.011,0.0,0.955
tik,334,0,2,315.959,295.461,89.7435,0.9
tik,335,0,0,316.3595,299.212,1.4559,1.0233
tik,335,0,1,315.843,299.651,90.6325,0.904
tik,335,0,2,316.3565,300.1135,1.1599,1.0372
tik,336,0,0,316.359,296.6085,8.0798,1.1312
tik,336,0,1,315.8005,297.461,89.9081,1.864
tik,336,0,2,316.3645,298.457,6.4921,1.1323
tik,336,0,3,316.9255,298.2425,89.6924,0.557
tik,336,0,4,316.9225,297.5875,89.7724,0.753
tik,337,0,0,317.2425,297.209,179.8205,0.643
tik,337,0,1,316.9225,297.587,89.7727,0.754
tik,337,0,2,317.2435,297.9625,179.7291,0.639
tik,338,0,0,323.88,299.9695,0.4512,2.9221
tik,338,0,1,325.2615,297.1875,88.3699,5.5893
tik,338,0,2,323.578,294.3815,0.4464,3.2081
tik,338,0,3,321.9715,297.003,90.0544,5.268
tik,339,0,0,314.871,296.1295,89.1269,0.7871
tik,339,0,1,314.751,295.736,0.0,0.228
tik,339,0,2,314.5525,295.737,179.3275,0.169
tik,339,0,3,314.3575,295.74,178.9637,0.221
tik,339,0,4,314.253,296.1355,89.1269,0.7871
tik,340,0,0,314.8115,294.5595,126.846,0.4686
tik,340,0,1,314.942,293.987,88.5107,0.7702
tik,340,0,2,314.5775,293.6115,178.4664,0.7092
tik,340,0,3,314.2335,294.006,88.4381,0.7703
tik,340,0,4,314.372,294.5715,54.6561,0.4426
tik,341,0,0,314.655,295.2425,91.9687,0.9896
tik,341,0,1,314.5865,294.7505,178.3234,0.1711
tik,341,0,2,314.4845,295.246,91.918,0.9866
tik,342,0,0,315.637,263.592,160.8779,0.7388
tik,342,0,1,315.298,265.1875,89.6116,2.9491
tik,342,0,2,315.67,266.582,167.538,0.7415
tik,343,0,0,323.853,265.249,94.5466,3.0275
tik,343,0,1,323.161,263.5785,11.2488,1.6558
tik,343,0,2,322.36,264.778,89.5369,2.7221
tik,344,0,0,323.778,268.298,88.3263,3.0813
tik,344,0,1,323.052,266.4485,24.4414,1.4961
tik,344,0,2,322.353,268.0515,90.5394,3.8252
tik,344,0,3,322.755,269.9575,179.1133,0.8401
tik,345,0,0,348.26,244.697,88.0529,3.0017
tik,345,0,1,338.9915,243.4645,178.3377,18.4428
tik,345,0,2,329.757,244.7285,90.9781,1.9933
tik,346,0,0,321.102,244.809,85.1778,2.9263
tik,346,0,1,311.7305,243.575,178.6126,18.5024
tik,346,0,2,302.458,245.0635,91.0867,2.5294
tik,347,0,0,339.638,229.5825,89.7169,0.809
tik,347,0,1,339.3245,229.1785,179.9102,0.623
tik,347,0,2,339.013,228.9855,90.0,0.387
tik,347,0,3,339.0275,228.572,93.7737,0.441
tik,347,0,4,339.069,227.842,93.0297,1.0214
tik,347,0,5,339.099,227.1565,90.9812,0.3511
tik,347,0,6,335.339,226.9865,179.9161,7.526
tik,347,0,7,331.561,228.1175,90.7635,2.2512
tik,347,0,8,331.4195,229.243,0.0,0.253
tik,347,0,9,331.3395,229.9985,86.4784,1.5138
tik,347,0,10,335.1455,230.718,179.4514,7.5194
tik,347,0,11,338.9595,230.3355,98.937,0.7015
tik,348,0,0,331.3395,229.9985,86.4784,1.5138
tik,348,0,1,330.645,229.4075,165.757,1.3371
tik,348,0,2,329.952,229.588,160.4188,0.0955
tik,348,0,3,329.91,230.1725,89.697,1.137
tik,349,0,0,343.2715,230.1395,102.6841,1.0794
tik,349,0,1,342.9605,229.654,174.5471,0.8629
tik,349,0,2,342.5205,229.8435,94.0438,0.2977
tik,349,0,3,342.1845,229.9975,179.0305,0.6511
tik,349,0,4,341.6805,230.349,117.2891,0.7786
tik,350,0,0,342.5205,229.8435,94.0438,0.2977
tik,350,0,1,342.151,229.518,24.9756,0.8384
tik,350,0,2,341.7685,229.102,89.4038,0.478
tik,350,0,3,340.3895,228.8275,1.4776,2.7539
tik,350,0,4,339.013,228.985,90.0,0.386
tik,350,0,5,339.3245,229.178,0.0,0.623
tik,350,0,6,339.638,229.5825,89.7169,0.809
tik,350,0,7,339.327,229.988,179.8157,0.626
tik,350,0,8,338.9595,230.335,98.9523,0.7005
tik,350,0,9,340.204,230.6875,0.2867,2.5981
tik,350,0,10,341.6815,230.3485,117.3221,0.7778
tik,351,0,0,348.963,229.8155,90.9022,1.7792
tik,351,0,1,348.523,228.9275,179.8113,0.908
tik,351,0,2,348.089,229.7915,88.6714,1.7255
tik,352,0,0,307.67,320.592,175.889,0.9485
tik,352,0,1,307.2045,322.286,89.7409,3.32
tik,352,0,2,307.679,323.9285,177.8537,0.9346
tik,353,0,0,177.6045,404.7055,0.9158,0.063
tik,353,0,1,177.573,404.7195,90.0,0.029
tik,353,0,2,177.5885,404.734,0.0,0.031
tik,353,0,3,177.62,404.7345,1.8027,0.032
tik,354,0,0,177.698,404.704,0.0,0.03
tik,354,0,1,177.6665,404.7035,1.7477,0.033
tik,354,0,2,177.65,404.7175,90.0,0.029
tik,354,0,3,177.664,404.732,0.0,0.028
tik,354,0,4,177.696,404.7325,1.6019,0.036
tik,355,0,0,205.607,335.9565,89.7684,2.473
tik,355,0,1,205.331,334.7335,177.1505,0.5427
tik,355,0,2,205.0725,335.93,89.3944,2.3661
tik,356,0,0,208.011,335.9325,89.7684,2.473
tik,356,0,1,207.7765,334.697,179.7524,0.459
tik,356,0,2,207.552,335.9345,89.7684,2.473
tik,357,0,0,179.1065,165.924,89.5284,0.608
tik,357,0,1,178.267,165.627,179.5206,1.6741
tik,357,0,2,177.4325,165.9375,89.5276,0.607
tik,358,0,0,208.5515,165.2345,89.1774,0.6271
tik,358,0,1,208.2135,164.9255,179.2267,0.6671
tik,358,0,2,207.8845,165.2435,89.1788,0.6271
tik,359,0,0,288.3425,420.3795,5.5134,0.5516
tik,359,0,1,292.15,420.3895,179.7325,7.0661
tik,359,0,2,296.5795,420.385,0.7669,1.7932
tik,359,0,3,299.5405,420.3995,0.0692,4.129
tik,359,0,4,304.43,420.523,2.4526,5.6552
tik,359,0,5,307.2545,420.0195,89.9538,1.249
tik,359,0,6,307.2445,409.151,89.9468,20.488
tik,359,0,7,307.23,393.6065,89.9461,10.601
tik,359,0,8,308.8155,388.3695,2.2863,3.1835
tik,359,0,9,310.363,382.997,89.5468,10.8723
tik,359,0,10,308.745,377.5625,179.9456,3.15
tik,359,0,11,307.1995,372.1675,90.3133,10.7932
tik,359,0,12,307.227,363.749,89.9621,6.044
tik,359,0,13,307.209,359.467,89.2722,2.5202
tik,359,0,14,307.168,353.956,89.6631,8.5022
tik,359,0,15,307.16,347.2235,90.3925,4.9631
tik,359,0,16,304.85,345.6755,158.1415,5.0145
tik,359,0,17,298.679,346.641,179.523,7.6883
tik,359,0,18,294.4265,346.6785,179.2296,0.8171
tik,359,0,19,294.0235,348.556,89.8319,3.744
tik,359,0,20,294.026,350.775,90.4963,0.694
tik,359,0,21,294.0335,354.4945,89.8214,6.745
tik,359,0,22,294.052,358.371,89.0911,1.0081
tik,359,0,23,294.05,367.493,90.0665,17.236
tik,359,0,24,291.7385,376.137,179.3527,4.6033
tik,359,0,25,289.4995,379.5595,88.9458,6.7941
tik,359,0,26,289.5635,384.257,89.9335,2.602
tik,359,0,27,289.5685,389.2705,89.9461,7.425
tik,359,0,28,287.271,392.985,179.9502,4.602
tik,359,0,29,284.926,406.712,90.1837,27.4501
tik,360,0,0,307.9395,344.263,88.2367,0.6823
tik,360,0,1,307.667,343.93,178.2504,0.5243
tik,360,0,2,304.785,344.9915,158.095,5.6477
tik,360,0,3,301.9105,346.0475,179.4366,0.509
tik,360,0,4,301.649,346.395,91.163,0.6901
tik,360,0,5,301.912,346.743,0.6362,0.54
tik,360,0,6,304.814,345.6895,158.1293,5.6723
tik,361,0,0,307.1865,341.07,90.0098,5.912
tik,361,0,1,307.1925,329.37,90.036,17.488
tik,361,0,2,307.215,319.9355,91.4102,1.3814
tik,361,0,3,304.871,319.2385,0.1577,4.722
tik,361,0,4,302.508,320.035,90.1426,1.606
tik,361,0,5,302.5565,330.8475,89.711,20.0192
tik,361,0,6,302.5635,343.3795,90.9877,5.0458
tik,362,0,0,307.729,327.92,173.7607,1.012
tik,362,0,1,307.229,330.6155,89.9348,5.281
tik,362,0,2,307.7215,333.29,3.9747,0.9814
tik,363,0,0,307.68,333.809,11.1579,0.8888
tik,363,0,1,307.227,335.5655,90.5286,3.6852
tik,363,0,2,307.642,337.4875,10.427,0.8785
tik,364,0,0,313.9125,338.6275,179.9356,11.561
tik,364,0,1,319.693,338.3525,90.0,0.537
tik,364,0,2,313.4395,338.0995,179.858,12.5071
tik,364,0,3,307.1855,341.071,90.0095,5.912
tik,364,0,4,307.2945,343.9825,157.882,0.2364
tik,364,0,5,307.6665,343.9305,178.3635,0.5252
tik,365,0,0,302.5435,323.9625,89.2941,6.2495
tik,365,0,1,302.208,320.805,6.3412,0.5977
tik,365,0,2,301.9025,323.8965,90.1559,6.249
tik,366,0,0,302.5625,331.742,89.6578,6.5301
tik,366,0,1,302.336,328.5005,173.5236,0.4167
tik,366,0,2,302.149,331.8065,89.6508,6.5651
tik,367,0,0,294.4335,342.4335,45.2182,1.8583
tik,367,0,1,293.586,341.9725,134.1962,0.5537
tik,367,0,2,294.0435,342.819,44.8896,1.8363
tik,368,0,0,302.6025,339.524,89.8065,2.666
tik,368,0,1,302.365,338.215,174.1186,0.4685
tik,368,0,2,302.1185,338.7595,91.4862,1.0414
tik,368,0,3,302.0135,339.2815,179.0636,0.183
tik,368,0,4,301.923,339.728,89.8723,0.89
tik,368,0,5,302.033,340.1705,178.6889,0.2181
tik,368,0,6,302.1425,340.4945,89.9116,0.653
tik,369,0,0,299.0365,346.4855,101.6087,0.4522
tik,369,0,1,297.892,346.256,0.3853,2.3801
tik,369,0,2,296.686,346.4675,94.1708,0.4402
tik,370,0,0,295.5165,344.3315,1.4997,1.3375
tik,370,0,1,294.587,344.2615,11.3727,0.5325
tik,370,0,2,294.3325,344.484,88.6459,0.5502
tik,370,0,3,294.591,344.8335,16.4698,0.5256
tik,370,0,4,294.8395,345.79,90.227,1.764
tik,370,0,5,295.4655,346.676,0.3639,1.259
tik,371,0,0,294.024,348.556,89.8165,3.744
tik,371,0,1,293.536,347.03,144.3281,1.1867
tik,371,0,2,293.0095,348.8405,91.7402,2.9304
tik,372,0,0,291.8455,351.0595,1.6178,4.3567
tik,372,0,1,289.67,354.4915,89.9672,6.987
tik,372,0,2,291.858,357.926,178.454,4.3736
tik,373,0,0,294.051,367.493,90.0664,17.236
tik,373,0,1,291.8875,358.7565,3.1207,4.3534
tik,373,0,2,289.735,363.565,89.7558,9.8541
tik,373,0,3,289.644,368.493,179.4887,0.224
tik,373,0,4,289.534,368.8435,89.6723,0.699
tik,373,0,5,289.6455,369.1935,0.2635,0.219
tik,373,0,6,289.7535,369.9495,90.1134,1.511
tik,373,0,7,289.64,370.7055,179.7424,0.224
tik,373,0,8,289.5295,371.055,89.7545,0.698
tik,373,0,9,289.6385,371.4035,179.7316,0.215
tik,373,0,10,289.745,372.143,90.0768,1.48
tik,373,0,11,289.6385,372.8835,179.7307,0.211
tik,373,0,12,289.5345,373.233,89.7545,0.698
tik,373,0,13,289.64,373.5815,179.7268,0.208
tik,373,0,14,289.7405,374.3255,90.2689,1.489
tik,373,0,15,289.645,375.0705,179.6864,0.184
tik,373,0,16,289.5545,375.4205,89.7524,0.699
tik,373,0,17,289.647,375.7695,179.6877,0.182
tik,373,0,18,289.588,375.9655,127.3562,0.4944
tik,374,0,0,314.29,388.4225,89.8127,21.4111
tik,374,0,1,313.9055,377.728,178.1983,0.6994
tik,374,0,2,313.5625,377.164,90.6477,1.1501
tik,374,0,3,312.3395,376.582,0.326,2.459
tik,374,0,4,311.115,377.153,89.5039,1.156
tik,374,0,5,310.7205,377.646,12.0112,0.8169
tik,374,0,6,310.364,382.997,89.5468,10.8723
tik,374,0,7,308.816,388.3695,2.2856,3.1845
tik,374,0,8,307.23,393.6065,89.9459,10.601
tik,374,0,9,307.2445,409.151,89.9469,20.488
tik,374,0,10,310.8675,419.7055,4.9112,7.2537
tik,374,0,11,314.2715,409.62,88.8455,20.7962
tik,375,0,0,308.1365,375.0325,89.9186,0.709
tik,375,0,1,308.05,374.678,0.0,0.172
tik,375,0,2,307.9585,371.7345,89.8931,5.887
tik,375,0,3,308.0605,368.791,0.0,0.215
tik,375,0,4,308.1675,368.383,89.9293,0.816
tik,375,0,5,308.069,367.975,0.0,0.196
tik,375,0,6,307.97,367.3185,89.9121,1.313
tik,375,0,7,307.5995,366.7165,171.609,0.747
tik,375,0,8,307.2,372.1675,90.3185,10.7932
tik,375,0,9,307.499,377.5635,179.9123,0.658
tik,375,0,10,307.8715,376.475,92.2897,2.1777
tik,376,0,0,308.0325,360.5185,88.2596,0.6913
tik,376,0,1,308.1015,360.156,167.9255,0.1626
tik,376,0,2,308.1905,359.741,91.3683,0.7962
tik,376,0,3,308.114,359.3025,25.2161,0.1901
tik,376,0,4,308.032,358.7855,90.4825,0.953
tik,376,0,5,307.6145,358.2585,6.8328,0.849
tik,376,0,6,307.209,359.4675,89.2719,2.5192
tik,377,0,0,307.966,347.304,89.6603,5.4001
tik,377,0,1,307.6985,344.6185,176.7012,0.5038
tik,377,0,2,307.312,344.687,158.1975,0.2908
tik,377,0,3,307.1605,347.223,90.3811,4.9641
tik,378,0,0,289.6045,384.467,91.6432,2.6851
tik,378,0,1,289.054,383.1125,1.2155,1.1783
tik,378,0,2,288.454,384.447,90.4673,2.6941
tik,379,0,0,288.352,384.4795,88.2108,2.6263
tik,379,0,1,286.672,383.134,1.1534,3.2786
tik,379,0,2,285.051,384.4455,89.2334,2.6892
tik,380,0,0,310.894,426.377,92.1754,0.9487
tik,380,0,1,312.186,425.871,178.5613,2.5488
tik,380,0,2,313.483,425.5565,94.6535,0.5669
tik,380,0,3,313.921,425.294,2.7587,0.8309
tik,380,0,4,314.408,422.6645,91.5568,5.301
tik,380,0,5,311.0635,420.028,179.782,6.8331
tik,380,0,6,307.451,420.342,123.071,0.7184
tik,380,0,7,307.361,423.357,87.7633,5.4321
tik,380,0,8,308.119,426.091,1.7567,1.3046
tik,380,0,9,308.792,426.7635,88.1556,1.3057
tik,380,0,10,309.2105,427.3945,176.904,0.7961
tik,380,0,11,309.5795,427.121,83.5467,0.5072
tik,381,0,0,302.489,425.4145,89.1572,4.7595
tik,381,0,1,301.382,423.0485,179.2783,2.1442
tik,381,0,2,300.2955,422.651,87.9779,0.8225
tik,381,0,3,300.6205,422.2215,176.8808,0.68
tik,381,0,4,300.96,421.863,90.0,0.68
tik,381,0,5,301.3175,421.525,0.3204,0.715
tik,381,0,6,301.6405,420.964,86.4934,1.1281
tik,381,0,7,299.541,420.3985,0.0692,4.13
tik,381,0,8,297.5055,421.6965,88.7008,2.6017
tik,381,0,9,295.9885,422.9865,0.3889,3.0931
tik,381,0,10,294.4875,423.467,84.7054,0.9862
tik,381,0,11,293.293,423.9795,179.0067,2.4804
tik,381,0,12,292.0535,424.8525,89.9661,1.703
tik,381,0,13,292.9075,425.7625,3.9206,1.711
tik,381,0,14,293.7605,426.796,90.0296,1.95
tik,382,0,0,292.9065,425.7635,3.9211,1.711
tik,382,0,1,292.094,426.8175,87.8894,2.2265
tik,382,0,2,292.947,427.851,174.443,1.6317
tik,383,0,0,292.3995,421.9935,89.848,1.127
tik,383,0,1,294.0575,421.4265,179.8791,3.319
tik,383,0,2,295.7,420.8975,88.1473,1.0515
tik,383,0,3,292.1505,420.389,179.7243,7.0651
tik,383,0,4,288.432,420.923,109.7876,1.0989
tik,383,0,5,289.5625,421.447,0.3048,2.633
tik,383,0,6,290.8805,422.007,89.8451,1.106
tik,384,0,0,288.1395,427.453,90.1405,3.672
tik,384,0,1,287.791,425.6125,0.7306,0.7061
tik,384,0,2,287.4555,425.079,91.8949,1.0586
tik,384,0,3,288.19,424.459,172.7665,1.4455
tik,384,0,4,288.8685,423.8415,85.8179,1.0558
tik,384,0,5,288.6445,423.303,3.7016,0.3718
tik,384,0,6,288.3525,422.3655,83.4353,1.8632
tik,384,0,7,288.157,420.8965,80.7013,1.1015
tik,384,0,8,286.475,420.3945,178.5076,3.1871
tik,384,0,9,285.07,424.898,87.5875,8.9319
tik,384,0,10,286.358,429.3915,1.6404,2.2009
tik,384,0,11,287.4545,429.351,87.2215,0.1442
tik,385,0,0,207.552,335.9335,89.7684,2.473
tik,385,0,1,206.575,334.7085,179.3227,1.9441
tik,385,0,2,205.6075,335.9565,89.7918,2.473
tik,385,0,3,205.9745,337.1895,179.4477,0.725
tik,385,0,4,206.5795,337.182,179.0537,0.4851
tik,386,0,0,206.787,338.3245,91.7487,2.2941
tik,386,0,1,206.5795,337.182,179.0555,0.4851
tik,386,0,2,206.3195,338.346,90.8644,2.3203
tik,387,0,0,206.087,339.838,94.096,0.784
tik,387,0,1,206.479,340.201,176.1859,0.8419
tik,387,0,2,206.921,339.7785,93.1923,0.7902
tik,387,0,3,206.8475,339.4275,155.5105,0.2099
tik,387,0,4,206.527,339.4885,175.5521,0.4514
tik,388,0,0,112.237,249.748,139.0325,5.2286
tik,388,0,1,113.717,247.5895,41.9801,1.3291
tik,388,0,2,111.3865,248.7745,138.418,4.9104
tik,389,0,0,185.011,151.377,88.4396,2.4969
tik,389,0,1,186.1375,152.6325,0.3929,2.1851
tik,389,0,2,187.224,151.413,89.7196,2.454
tik,390,0,0,184.98,149.182,90.2419,1.894
tik,390,0,1,186.0965,150.1575,1.4564,2.2417
tik,390,0,2,187.194,149.2935,88.5236,1.7856
tik,390,0,3,186.8975,148.8235,122.9163,1.0066
tik,390,0,4,186.604,149.09,82.695,0.3145
tik,390,0,5,186.198,148.9165,2.5961,0.7728
tik,390,0,6,185.799,149.046,95.0539,0.2952
tik,391,0,0,182.8825,153.871,81.3126,1.7015
tik,391,0,1,186.2005,154.6755,179.3444,6.3794
tik,391,0,2,189.3365,153.737,86.6058,1.8072
tik,391,0,3,188.257,152.8525,179.0227,2.0523
tik,391,0,4,187.2305,152.755,89.7491,0.23
tik,391,0,5,186.1375,152.6325,0.3929,2.185
tik,391,0,6,185.0265,152.753,98.2243,0.2587
tik,392,0,0,172.5865,149.3585,89.9342,2.619
tik,392,0,1,173.608,150.6295,177.8385,2.0414
tik,392,0,2,174.575,151.662,92.8331,2.1446
tik,392,0,3,175.6645,152.748,0.7522,2.2852
tik,392,0,4,176.768,150.419,89.0467,4.6886
tik,393,0,0,189.5185,117.6875,99.8494,1.0464
tik,393,0,1,190.889,118.2015,179.9413,2.92
tik,393,0,2,192.3415,121.0905,90.1487,5.781
tik,393,0,3,192.76,123.9405,174.5696,0.8558
tik,393,0,4,193.2035,120.533,90.2978,6.7341
tik,394,0,0,185.5095,118.956,88.9707,3.6186
tik,394,0,1,185.9455,120.6365,162.3338,0.8469
tik,394,0,2,186.345,119.357,89.801,2.302
tik,394,0,3,187.589,118.2045,179.9313,2.496
tik,394,0,4,188.9555,117.7085,103.4758,1.017
tik,395,0,0,170.1065,116.945,84.2592,0.7498
tik,395,0,1,169.9865,117.3055,4.5366,0.316
tik,395,0,2,169.834,117.7285,89.3416,0.8711
tik,395,0,3,169.8915,118.0365,112.3789,0.2758
tik,395,0,4,175.9275,117.8595,179.526,11.9674
tik,395,0,5,182.1475,117.9355,27.9532,0.5355
tik,395,0,6,182.393,117.6495,91.2533,0.8232
tik,395,0,7,182.2415,117.2695,168.8934,0.3271
tik,395,0,8,182.015,116.881,81.0701,0.8503
tik,396,0,0,161.291,153.3075,81.7483,1.5329
tik,396,0,1,163.8345,154.0665,0.0119,4.867
tik,396,0,2,166.164,153.3115,82.1619,1.5253
tik,397,0,0,159.584,168.4475,94.0897,0.9254
tik,397,0,1,162.1495,168.8895,179.57,5.1971
tik,397,0,2,164.729,168.4185,87.5907,0.9038
tik,398,0,0,223.5895,500.2745,179.3078,12.3339
tik,398,0,1,229.722,488.0505,89.8396,24.2991
tik,398,0,2,223.5905,475.911,179.906,12.195
tik,399,0,0,138.636,240.748,47.8574,4.0568
tik,399,0,1,141.1015,241.211,136.6953,3.0355
tik,399,0,2,140.9325,238.6665,49.7345,3.9407
tik,400,0,0,221.2285,443.3645,89.8945,1.633
tik,400,0,1,221.643,444.174,179.0295,0.8261
tik,400,0,2,222.047,443.31,89.3986,1.7141
tik,401,0,0,147.694,429.114,89.6192,7.2222
tik,401,0,1,151.5235,432.759,0.5118,7.6113
tik,401,0,2,155.3055,429.111,89.6343,7.3641
tik,402,0,0,147.764,423.3195,86.8814,1.3971
tik,402,0,1,151.0035,424.035,0.3221,6.4031
tik,402,0,2,154.2135,421.946,90.2311,4.214
tik,402,0,3,151.7395,419.827,0.277,4.9651
tik,402,0,4,149.2505,421.2005,90.2688,2.771
tik,403,0,0,157.8515,434.608,88.724,1.3923
tik,403,0,1,158.1705,435.271,173.795,0.6106
tik,403,0,2,158.5845,435.2215,171.5058,0.2234
tik,403,0,3,158.7065,434.5225,90.9658,1.3652
tik,404,0,0,289.016,386.0465,1.2764,1.0323
tik,404,0,1,286.8505,385.985,1.7363,3.3005
tik,404,0,2,285.1555,389.5305,90.7251,7.1916
tik,404,0,3,287.4105,393.124,179.9502,4.601
tik,404,0,4,289.6845,390.4375,89.4347,5.3692
tik,405,0,0,345.294,230.479,0.4525,2.2801
tik,405,0,1,346.454,229.903,91.9585,1.1707
tik,405,0,2,346.9175,229.3355,2.2599,0.8877
tik,405,0,3,347.345,228.5005,88.9243,1.7053
tik,405,0,4,344.881,227.655,179.8364,4.896
tik,405,0,5,342.414,227.8645,95.3594,0.4068
tik,405,0,6,342.623,228.2575,39.8809,0.5942
tik,405,0,7,342.859,228.7705,88.577,0.6452
tik,405,0,8,343.517,229.0905,179.7808,1.3
tik,406,0,0,333.4025,267.411,90.3573,9.1422
tik,406,0,1,337.093,271.946,179.4455,7.4384
tik,406,0,2,340.8025,267.3515,89.8805,9.117
tik,407,0,0,211.091,168.483,89.4398,3.0681
tik,407,0,1,211.2635,170.0385,7.7731,0.3179
tik,407,0,2,211.4385,170.281,85.4721,0.4434
tik,407,0,3,210.465,170.5465,177.4292,1.984
tik,407,0,4,209.4455,173.222,90.6205,5.2623
tik,407,0,5,209.6405,175.835,175.3979,0.4484
tik,407,0,6,209.8775,176.0015,85.8137,0.37
tik,407,0,7,209.2105,176.903,133.5042,1.977
tik,407,0,8,208.5425,178.9725,89.4703,2.7051
tik,407,0,9,209.2705,180.272,175.7629,1.4349
tik,407,0,10,210.011,180.349,79.1142,0.2648
tik,407,0,11,210.655,180.4455,176.9028,1.2398
tik,407,0,12,211.2705,180.2885,88.3759,0.2471
tik,407,0,13,212.095,180.2085,3.0075,1.6583
tik,407,0,14,212.934,175.683,90.138,9.138
tik,407,0,15,213.153,171.0855,172.197,0.4199
tik,407,0,16,213.3555,170.6935,89.133,0.7271
tik,407,0,17,213.184,170.3235,2.2424,0.3323
tik,407,0,18,212.977,168.548,88.6723,3.539
tik,408,0,0,200.3195,446.3505,89.9094,13.271
tik,408,0,1,201.4725,452.9935,0.3761,2.2851
tik,408,0,2,202.583,452.71,83.7251,0.5855
tik,408,0,3,203.6505,452.4315,0.6516,2.1991
tik,408,0,4,204.7585,447.046,90.0902,10.796
tik,408,0,5,204.746,440.3265,89.0898,2.6433
tik,408,0,6,203.9515,438.989,1.1849,1.5473
tik,408,0,7,203.158,439.283,93.6921,0.6213
tik,409,0,0,153.7335,412.968,91.411,1.9086
tik,409,0,1,149.962,412.0025,0.1736,7.59
tik,409,0,2,146.178,412.971,89.3568,1.9601
tik,409,0,3,146.575,413.973,3.2614,0.7733
tik,409,0,4,146.96,414.402,90.1418,0.814
tik,409,0,5,147.721,415.3385,34.7948,1.8558
tik,409,0,6,148.4805,416.2425,90.3817,0.749
tik,409,0,7,148.914,416.629,1.5757,0.8723
tik,409,0,8,149.344,417.051,90.8379,0.8201
tik,409,0,9,149.916,417.4415,178.0677,1.1566
tik,409,0,10,150.4995,417.052,90.8517,0.7401
tik,409,0,11,150.958,416.6505,176.023,0.9082
tik,409,0,12,151.4445,416.2655,95.4137,0.7102
tik,409,0,13,152.2245,415.3515,143.0993,1.867
tik,409,0,14,152.975,414.429,90.6327,0.724
tik,410,0,0,171.778,425.0995,70.4981,1.5457
tik,410,0,1,171.618,422.8335,93.6471,3.0812
tik,410,0,2,171.61,418.642,87.7129,5.3122
tik,410,0,3,168.8625,416.109,177.3772,5.2885
tik,410,0,4,165.7935,416.198,4.2816,0.8574
tik,410,0,5,165.347,415.997,83.5863,0.3401
tik,410,0,6,165.162,415.823,1.7243,0.3322
tik,410,0,7,165.232,420.3555,87.0227,9.0873
tik,411,0,0,171.832,429.79,92.9475,7.9345
tik,411,0,1,168.752,425.3605,8.102,6.6342
tik,411,0,2,165.4935,429.3215,89.67,8.8571
tik,412,0,0,188.238,419.888,92.3802,9.1018
tik,412,0,1,188.2635,415.3305,3.6764,0.3277
tik,412,0,2,188.0605,415.544,99.9997,0.4549
tik,412,0,3,187.537,415.7335,4.0772,0.9705
tik,412,0,4,184.42,415.6795,0.4243,5.2661
tik,412,0,5,181.8775,418.2395,87.9906,5.1622
tik,412,0,6,181.93,422.3425,91.4289,3.0479
tik,412,0,7,181.8515,424.1565,97.9377,0.5866
tik,413,0,0,188.0655,433.044,89.8813,0.486
tik,413,0,1,188.057,428.618,89.8905,8.366
tik,413,0,2,184.9295,424.4405,179.899,6.239
tik,413,0,3,181.819,428.8725,89.8836,8.853
tik,414,0,0,221.1275,425.997,44.6535,7.8342
tik,414,0,1,218.221,423.363,135.2414,0.338
tik,414,0,2,216.0335,425.5415,135.111,5.8365
tik,414,0,3,216.7045,430.29,44.4775,7.676
tik,414,0,4,220.383,432.2065,140.5862,2.4334
tik,415,0,0,347.3795,233.609,89.9442,5.142
tik,415,0,1,347.349,230.268,87.9175,1.541
tik,415,0,2,347.0795,229.546,168.7576,0.4925
tik,415,0,3,346.8395,230.1695,89.8496,1.151
tik,415,0,4,344.997,230.705,1.2429,3.6889
tik,415,0,5,342.3275,230.6795,178.9929,1.6513
tik,415,0,6,340.203,230.6875,0.2867,2.598
tik,415,0,7,335.145,230.7175,179.4437,7.5184
tik,415,0,8,330.6495,230.7475,0.5057,1.473
tik,415,0,9,329.91,230.1725,89.697,1.137
tik,415,0,10,329.6205,229.623,176.2064,0.5743
tik,415,0,11,329.355,232.886,89.6292,6.4881
tik,416,0,0,116.4325,262.11,134.5715,4.0653
tik,416,0,1,116.499,259.018,50.4007,4.2672
tik,416,0,2,114.9825,257.2735,32.7097,0.372
tik,416,0,3,114.6755,257.296,140.7417,0.3887
tik,416,0,4,114.627,257.5745,56.7373,0.3719
tik,416,0,5,113.4675,258.576,146.1528,3.0378
tik,416,0,6,111.9285,259.6255,143.7474,0.6882
tik,416,0,7,111.6245,260.1495,94.7262,0.6432
tik,416,0,8,112.2645,261.117,44.1496,1.8578
tik,416,0,9,113.449,262.2515,43.2629,1.4226
tik,416,0,10,114.285,263.023,41.767,0.8527
tik,416,0,11,114.4815,263.425,135.8386,0.3387
tik,416,0,12,114.4635,263.6875,54.3874,0.3555
tik,416,0,13,114.7665,263.904,19.8461,0.4242
tik,417,0,0,125.1785,253.2895,138.8292,6.0565
tik,417,0,1,127.63,251.4805,47.0071,0.5045
tik,417,0,2,128.26,251.217,135.6325,1.2814
tik,417,0,3,128.5555,250.5425,54.3433,0.5575
tik,417,0,4,126.942,248.6405,49.107,4.4329
tik,417,0,5,125.051,246.4875,47.3408,1.2986
tik,417,0,6,124.141,246.4305,138.1813,1.2613
tik,417,0,7,123.827,247.0545,52.528,0.5128
tik,417,0,8,121.6815,249.2785,138.72,6.1251
tik,417,0,9,119.194,251.069,51.037,0.5916
tik,417,0,10,118.511,251.3055,136.8128,1.3633
tik,417,0,11,118.4155,252.3305,54.2873,1.3757
tik,417,0,12,120.3775,254.6415,48.3168,4.6932
tik,417,0,13,122.042,256.5195,50.3527,0.326
tik,417,0,14,122.693,256.1535,138.0591,1.4708
tik,418,0,0,135.652,245.648,48.7992,2.8814
tik,418,0,1,133.5575,245.5665,138.8087,3.0445
tik,418,0,2,133.361,247.653,48.7992,2.8814
tik,418,0,3,134.376,248.6795,138.9404,0.1751
tik,419,0,0,176.365,171.686,89.0989,4.5786
tik,419,0,1,175.5835,169.4165,178.5016,1.4915
tik,419,0,2,174.8245,168.814,88.757,1.2443
tik,419,0,3,173.815,168.1665,1.4673,1.9927
tik,419,0,4,172.7975,168.762,91.9828,1.2427
tik,419,0,5,171.2355,169.4305,178.2339,3.0825
tik,419,0,6,169.682,168.834,88.8435,1.2883
tik,419,0,7,168.628,168.191,179.9446,2.082
tik,419,0,8,167.59,168.842,89.7357,1.3
tik,419,0,9,166.8115,169.418,5.4096,1.57
tik,419,0,10,166.0465,171.3405,89.5264,3.9931
tik,419,0,11,165.4225,173.4835,167.1166,1.3141
tik,419,0,12,164.7745,173.978,91.2346,0.6962
tik,420,0,0,191.2645,173.5115,92.8758,0.6578
tik,420,0,1,190.545,173.2185,177.238,1.4737
tik,420,0,2,189.802,171.1915,89.8054,4.125
tik,420,0,3,189.0455,169.187,175.5751,1.5035
tik,420,0,4,188.259,168.673,86.2987,1.1464
tik,420,0,5,187.2095,168.071,1.6971,2.0259
tik,420,0,6,186.195,168.694,90.1754,1.306
tik,420,0,7,184.646,169.3835,178.6485,3.0949
tik,420,0,8,183.0315,168.787,83.9135,1.2732
tik,420,0,9,182.007,168.1265,1.6458,1.9148
tik,420,0,10,181.0385,168.736,91.0341,1.2742
tik,420,0,11,180.246,169.3565,1.2099,1.5624
tik,420,0,12,179.4995,171.648,89.1436,4.6165
tik,421,0,0,215.761,141.653,14.4533,0.4007
tik,421,0,1,215.572,141.907,89.0582,0.6081
tik,421,0,2,214.846,142.2525,176.7504,1.4643
tik,421,0,3,213.811,142.319,175.2999,0.6101
tik,421,0,4,212.918,143.1445,126.3453,1.9877
tik,421,0,5,212.346,145.459,89.3565,3.0282
tik,421,0,6,212.9545,147.728,51.9235,1.9182
tik,421,0,7,213.906,148.466,177.2967,0.7208
tik,421,0,8,214.932,148.4265,178.0645,1.3328
tik,421,0,9,215.587,148.5335,94.8558,0.2599
tik,421,0,10,215.7725,148.6765,3.9313,0.3939
tik,421,0,11,215.9555,148.504,85.8476,0.373
tik,421,0,12,215.939,145.7275,89.9337,5.181
tik,422,0,0,287.141,338.087,89.3084,2.1542
tik,422,0,1,287.1195,333.117,89.8749,7.786
tik,422,0,2,286.961,329.2175,2.4815,0.3003
tik,422,0,3,284.7295,329.2285,179.5183,4.1632
tik,422,0,4,282.525,329.238,3.7192,0.2465
tik,422,0,5,282.408,334.248,89.9314,10.036
tik,423,0,0,288.5375,309.5445,90.6379,18.4122
tik,423,0,1,288.7175,299.644,96.3628,1.3986
tik,423,0,2,288.8025,298.346,90.7133,1.2061
tik,423,0,3,288.6185,297.7425,0.1507,0.383
tik,423,0,4,288.402,298.265,92.7377,1.0472
tik,423,0,5,285.323,298.833,179.1559,6.1086
tik,423,0,6,282.2685,299.518,90.0451,1.28
tik,423,0,7,282.324,309.8915,89.6704,19.4673
tik,423,0,8,282.38,320.23,90.0,1.21
tik,423,0,9,284.439,320.7875,178.6784,4.1191
tik,423,0,10,287.3115,320.7155,178.2757,1.6278
tik,423,0,11,288.316,320.6785,176.2519,0.3828
tik,424,0,0,321.074,313.776,92.2526,5.2921
tik,424,0,1,318.407,311.1415,179.8038,5.5421
tik,424,0,2,315.545,310.9255,68.0257,0.4863
tik,424,0,3,315.0415,310.694,0.8329,0.8251
tik,424,0,4,314.6285,310.533,89.8139,0.31
tik,424,0,5,314.462,310.4615,153.2982,0.3716
tik,424,0,6,314.2695,313.5785,90.5003,6.0672
tik,424,0,7,314.389,316.632,7.802,0.2947
tik,424,0,8,314.987,316.6575,0.6982,0.9041
tik,424,0,9,315.4595,316.541,99.5413,0.2474
tik,425,0,0,321.632,306.3295,89.7904,6.5571
tik,425,0,1,319.8335,303.116,177.9162,3.5754
tik,425,0,2,316.9085,303.1875,179.6729,2.277
tik,425,0,3,315.769,302.8135,89.8484,0.761
tik,425,0,4,315.5205,302.432,0.2331,0.495
tik,425,0,5,314.9285,302.433,179.6676,0.689
tik,425,0,6,314.6055,306.4065,89.6898,7.9431
tik,425,0,7,314.628,310.533,89.6334,0.31
tik,425,0,8,315.0415,310.694,0.835,0.8251
tik,425,0,9,315.6265,310.699,179.6655,0.345
tik,425,0,10,315.8295,310.2095,93.573,0.9789
tik,426,0,0,323.216,273.3525,89.3096,6.8055
tik,426,0,1,322.755,269.957,179.0446,0.8401
tik,426,0,2,322.353,268.051,90.5393,3.8262
tik,426,0,3,322.36,264.777,89.5369,2.7221
tik,426,0,4,322.3425,263.207,88.2186,0.4182
tik,426,0,5,322.169,263.0175,173.34,0.3363
tik,426,0,6,319.179,263.009,0.5683,5.6463
tik,426,0,7,316.1885,262.994,175.5618,0.336
tik,426,0,8,316.0035,263.2385,94.3236,0.4643
tik,426,0,9,316.009,264.9855,89.1307,3.0314
tik,426,0,10,316.0775,271.65,89.4937,10.2984
tik,426,0,11,316.566,276.8065,0.9689,0.8861
tik,426,0,12,319.703,276.7805,179.2877,5.3884
tik,427,0,0,321.1035,248.738,92.8381,4.9481
tik,427,0,1,311.8305,246.2975,179.8141,18.7911
tik,427,0,2,302.491,248.8765,88.7412,5.0982
tik,427,0,3,303.2265,251.426,0.0836,1.359
tik,427,0,4,303.9425,251.3155,108.1262,0.2346
tik,427,0,5,312.01,251.1635,179.7111,16.0622
tik,428,0,0,320.9925,240.832,90.3072,5.0381
tik,428,0,1,320.0525,238.342,178.2584,1.9079
tik,428,0,2,311.5705,238.3525,0.1407,15.0571
tik,428,0,3,303.218,238.336,179.861,1.648
tik,428,0,4,302.4385,241.0685,89.0664,5.4617
tik,429,0,0,348.2525,240.8045,91.0176,4.7858
tik,429,0,1,339.042,238.356,0.3468,18.5063
tik,429,0,2,329.782,241.016,90.1477,5.432
tik,430,0,0,348.4035,248.633,87.8487,4.8754
tik,430,0,1,339.0265,245.961,1.4559,18.577
tik,430,0,2,329.765,248.6,89.5217,5.7502
tik,430,0,3,330.565,251.447,177.9335,1.553
tik,430,0,4,331.3525,251.303,95.6569,0.2331
tik,430,0,5,337.9585,251.1345,179.5438,13.1894
tik,431,0,0,213.7865,418.663,45.2036,8.1593
tik,431,0,1,210.4845,416.1925,135.2021,1.2049
tik,431,0,2,209.3,417.3515,135.8642,2.1095
tik,431,0,3,207.5305,419.0995,134.972,2.8652
tik,431,0,4,209.388,423.0175,45.3423,8.1665
tik,431,0,5,214.337,423.8615,135.2561,5.8542
tik,432,0,0,310.182,279.994,0.1436,7.182
tik,432,0,1,313.758,274.264,89.8503,11.478
tik,432,0,2,313.0815,268.5465,178.1385,1.3237
tik,432,0,3,312.425,266.208,90.1211,4.72
tik,432,0,4,313.073,263.857,0.8021,1.2861
tik,432,0,5,313.729,263.017,90.8773,1.6982
tik,432,0,6,313.075,262.165,0.2582,1.334
tik,432,0,7,312.433,260.7975,91.05,2.7295
tik,432,0,8,309.5095,259.4325,0.0098,5.897
tik,433,0,0,112.4425,254.6485,144.8125,1.029
tik,433,0,1,114.7745,252.71,139.3368,5.0399
tik,433,0,2,117.0635,250.609,129.4352,1.1886
tik,433,0,3,117.319,250.0105,48.8283,0.3706
tik,433,0,4,116.834,250.2765,131.8347,1.0885
tik,433,0,5,115.3405,249.358,49.5078,3.482
tik,433,0,6,112.236,249.748,139.0326,5.2286
tik,433,0,7,111.4115,252.7645,48.5706,3.4744
tik,433,0,8,112.173,254.364,142.5676,0.9772
tik,434,0,0,156.4805,146.373,94.0093,0.6436
tik,434,0,1,157.032,146.71,1.5973,1.1484
tik,434,0,2,157.6705,149.6175,88.7221,5.7844
tik,434,0,3,159.458,152.5295,0.6814,3.4462
tik,434,0,4,163.62,152.553,0.0706,4.878
tik,434,0,5,167.9195,152.53,179.1993,3.7214
tik,434,0,6,169.702,149.6065,88.4581,5.7971
tik,434,0,7,170.1675,146.6585,174.6908,1.0917
tik,434,0,8,170.6955,146.257,87.4722,0.7027
tik,435,0,0,178.1815,146.4125,83.7054,0.83
tik,435,0,1,178.5995,146.861,5.5195,0.7485
tik,435,0,2,178.988,149.903,89.6951,6.0121
tik,435,0,3,180.879,152.97,1.8635,3.752
tik,435,0,4,183.881,152.956,176.1928,2.259
tik,435,0,5,185.0265,152.753,98.2243,0.2587
tik,435,0,6,185.011,151.377,88.4396,2.4969
tik,435,0,7,184.981,149.182,90.2419,1.894
tik,435,0,8,184.986,147.5225,90.0804,1.425
tik,435,0,9,185.3215,146.8035,178.8867,0.6691
tik,435,0,10,185.654,146.436,89.6827,0.722
tik,436,0,0,186.4405,146.328,96.5751,0.6724
tik,436,0,1,186.777,146.7215,9.0149,0.7594
tik,436,0,2,187.161,147.591,89.3638,1.6201
tik,436,0,3,187.1935,149.293,88.4905,1.7846
tik,436,0,4,187.223,151.4125,89.7201,2.455
tik,436,0,5,187.2295,152.755,89.7491,0.23
tik,436,0,6,190.294,152.8185,179.0371,6.1289
tik,436,0,7,193.3265,150.689,89.1315,4.1565
tik,436,0,8,193.278,147.6505,88.9861,1.9213
tik,436,0,9,193.622,146.7065,2.6161,0.7228
tik,436,0,10,193.9895,146.3565,91.0161,0.7331
tik,437,0,0,189.361,124.406,0.0151,7.648
tik,437,0,1,193.1855,124.154,90.114,0.506
tik,437,0,2,192.7595,123.941,174.643,0.8567
tik,437,0,3,192.341,121.0905,90.1585,5.781
tik,437,0,4,189.345,118.2035,179.9334,6.008
tik,437,0,5,186.345,119.358,89.801,2.302
tik,437,0,6,186.355,122.239,89.8011,3.46
tik,437,0,7,185.9775,123.9655,0.522,0.767
tik,438,0,0,168.9215,124.074,89.1047,0.7041
tik,438,0,1,176.0205,124.368,179.5315,14.1875
tik,438,0,2,183.128,123.9795,92.4256,0.6616
tik,438,0,3,182.5795,123.644,0.5098,1.125
tik,438,0,4,181.9645,120.7245,88.9681,5.8299
tik,438,0,5,175.9285,117.8595,179.526,11.9674
tik,438,0,6,170.0035,120.8075,88.8439,5.7982
tik,439,0,0,159.566,171.707,89.6929,5.5961
tik,439,0,1,160.3005,174.4965,179.3232,1.4391
tik,439,0,2,162.901,174.4865,179.954,3.762
tik,439,0,3,164.774,174.4055,84.2513,0.1598
tik,439,0,4,164.7735,173.9775,91.2328,0.6972
tik,439,0,5,164.7645,171.249,89.6029,4.7601
tik,440,0,0,248.765,515.2945,89.9741,70.675
tik,441,0,0,247.3001,458.7278,0.0,2.8782
tik,441,0,1,248.7392,458.5479,90.0,0.3598
tik,441,0,2,247.3001,458.368,0.0,2.8782
tik,441,0,3,245.861,458.5479,90.0,0.3598
tik,442,0,0,219.6024,345.8179,0.0,2.8049
tik,442,0,1,221.0049,344.4155,90.0,2.8049
tik,442,0,2,219.6024,343.013,0.0,2.8049
tik,442,0,3,218.2,344.4155,90.0,2.8049
tik,443,0,0,212.6775,347.4465,148.3953,1.288
tik,444,0,0,215.4555,346.307,137.5517,5.162
tik,444,0,1,213.3885,347.579,70.9274,0.9946
tik,444,0,2,212.8795,346.7525,45.8158,0.9943
tik,445,0,0,97.051,113.2105,89.9738,139.723
tik,446,0,0,260.786,125.242,0.0,7.504
tik,447,0,0,259.8635,114.2365,135.0,1.5486
tik,447,0,1,258.768,114.2365,44.9737,1.5493
tik,447,0,2,258.768,113.1415,135.0263,1.5493
tik,447,0,3,259.8635,113.1415,45.0,1.5486
tik,448,0,0,266.2825,122.7965,44.1679,5.1624
tik,448,0,1,267.6745,124.785,157.5351,0.9945
tik,448,0,2,266.879,125.342,132.4746,0.9952
tik,449,0,0,265.8295,388.2465,89.9832,10.173
tik,450,0,0,266.312,380.84,79.1474,5.1623
tik,450,0,1,266.313,383.2675,12.4986,0.9935
tik,450,0,2,265.3425,383.268,167.4586,0.9947
tik,451,0,0,78.871,405.74,0.0,4.67
tik,452,0,0,24.9605,554.354,113.9435,2.7573
tik,452,0,1,26.1765,553.094,0.0,1.313
tik,452,0,2,24.4925,558.207,114.5962,11.2465
tik,452,0,3,19.811,558.207,65.3992,11.2469
tik,452,0,4,18.126,553.094,0.0,1.312
tik,452,0,5,19.3415,554.354,66.0565,2.7573
tik,452,0,6,22.151,555.614,0.0,4.5
tik,452,1,0,22.151,556.694,0.0,3.486
tik,452,1,1,21.28,558.671,66.199,4.3215
tik,452,1,2,23.023,558.671,113.7767,4.3207
tik,453,0,0,28.5567,562.8161,0.0,1.2613
tik,453,0,1,29.1873,557.9546,90.0,9.7231
tik,453,0,2,28.5567,553.093,0.0,1.2613
tik,453,0,3,27.926,557.9546,90.0,9.7231
tik,454,0,0,34.534,557.416,12.5523,0.5245
tik,454,0,1,33.755,560.145,111.1739,5.7309
tik,454,0,2,31.957,562.817,0.0,1.526
tik,454,0,3,31.194,557.955,90.0,9.724
tik,454,0,4,31.8245,553.093,0.0,1.261
tik,454,0,5,32.455,555.1635,90.0,4.141
tik,454,0,6,32.7145,557.234,0.0,0.519
tik,454,0,7,34.435,555.1635,125.2078,5.0681
tik,454,0,8,36.6155,553.093,0.0,1.439
tik,454,0,9,35.8065,555.226,125.6252,5.2482
tik,454,1,0,32.622,561.737,0.0,0.332
tik,454,1,1,32.821,560.026,91.105,3.4226
tik,454,1,2,32.6545,558.315,0.0,0.399
tik,454,1,3,32.455,560.026,90.0,3.422
tik,455,0,0,40.116,557.234,0.0,0.718
tik,455,0,1,40.209,560.025,95.4442,5.6073
tik,455,0,2,39.2195,562.816,0.0,1.447
tik,455,0,3,38.496,557.9545,90.0,9.723
tik,455,0,4,39.1265,553.093,0.0,1.261
tik,455,0,5,39.757,555.1635,90.0,4.141
tik,455,1,0,39.9235,561.736,0.0,0.333
tik,455,1,1,40.123,560.0255,91.1052,3.4216
tik,455,1,2,39.9565,558.315,0.0,0.399
tik,455,1,3,39.757,560.0255,90.0,3.421
tik,456,0,0,49.3285,563.1635,3.0012,0.5157
tik,456,0,1,48.8195,563.112,8.592,0.5087
tik,456,0,2,48.817,558.0065,92.8131,10.1472
tik,456,0,3,49.326,552.927,177.3572,0.5206
tik,456,0,4,49.8455,552.927,2.6479,0.5196
tik,456,0,5,50.3545,558.0065,87.1813,10.1473
tik,456,0,6,50.3525,563.112,171.408,0.5087
tik,456,0,7,49.8435,563.1635,176.9988,0.5157
tik,456,1,0,49.3915,554.003,177.0573,0.3895
tik,456,1,1,49.007,554.043,171.0272,0.3847
tik,456,1,2,48.9915,558.0735,87.5023,8.0086
tik,456,1,3,49.376,562.0855,3.1346,0.4206
tik,456,1,4,49.795,562.0855,176.8504,0.4186
tik,456,1,5,50.179,558.0735,92.5048,8.0087
tik,456,1,6,50.164,554.043,8.9728,0.3847
tik,456,1,7,49.78,554.003,2.9503,0.3885
tik,457,0,0,59.512,557.416,12.5523,0.5245
tik,457,0,1,58.733,560.145,111.1739,5.7309
tik,457,0,2,56.935,562.817,0.0,1.526
tik,457,0,3,56.172,557.955,90.0,9.724
tik,457,0,4,56.8025,553.093,0.0,1.261
tik,457,0,5,57.433,555.1635,90.0,4.141
tik,457,0,6,57.6925,557.234,0.0,0.519
tik,457,0,7,59.413,555.1635,125.2078,5.0681
tik,457,0,8,61.5935,553.093,0.0,1.439
tik,457,0,9,60.7845,555.226,125.6252,5.2482
tik,457,1,0,57.5995,561.737,0.0,0.333
tik,457,1,1,57.7995,560.026,91.1217,3.4227
tik,457,1,2,57.633,558.315,0.0,0.4
tik,457,1,3,57.433,560.026,90.0,3.422
tik,458,0,0,67.335,561.736,0.0,2.322
tik,458,0,1,68.496,562.276,90.0,1.08
tik,458,0,2,65.5445,562.816,0.0,5.903
tik,458,0,3,62.593,562.276,90.0,1.08
tik,458,0,4,63.754,561.736,0.0,2.322
tik,458,0,5,64.915,557.4145,90.0,8.643
tik,458,0,6,65.5445,553.093,0.0,1.259
tik,459,0,0,74.6645,553.093,0.0,2.021
tik,459,0,1,75.694,557.9545,89.7761,9.7231
tik,459,0,2,74.6835,562.816,0.0,2.059
tik,459,0,3,73.654,557.9545,90.0,9.723
tik,459,1,0,75.127,561.736,0.0,0.426
tik,459,1,1,75.34,557.9535,90.0,7.565
tik,459,1,2,75.127,554.171,0.0,0.426
tik,459,1,3,74.914,557.9535,90.0,7.565
tik,460,0,0,83.1677,562.8161,0.0,1.2613
tik,460,0,1,83.7983,557.9546,90.0,9.7231
tik,460,0,2,83.1677,553.093,0.0,1.2613
tik,460,0,3,82.537,557.9546,90.0,9.7231
tik,461,0,0,92.2155,554.354,113.9436,2.7573
tik,461,0,1,93.4315,553.094,0.0,1.313
tik,461,0,2,91.7475,558.207,114.5962,11.2465
tik,461,0,3,87.066,558.207,65.3992,11.2469
tik,461,0,4,85.381,553.094,0.0,1.312
tik,461,0,5,86.5965,554.354,66.0564,2.7573
tik,461,0,6,89.406,555.614,0.0,4.5
tik,461,1,0,89.406,556.694,0.0,3.486
tik,461,1,1,88.535,558.671,66.199,4.3215
tik,461,1,2,90.278,558.671,113.7767,4.3207
tik,462,0,0,100.273,557.4145,90.0,1.081
tik,462,0,1,101.5085,556.874,0.0,2.471
tik,462,0,2,102.699,556.585,81.1492,0.585
tik,462,0,3,102.5475,556.0265,68.4374,0.5796
tik,462,0,4,99.171,556.8435,161.6203,6.8916
tik,462,0,5,95.911,558.143,87.3115,0.4265
tik,462,0,6,95.949,558.5625,82.2782,0.4168
tik,462,0,7,99.0505,559.9385,20.8324,6.577
tik,462,0,8,102.2825,560.9455,134.2861,0.454
tik,462,0,9,102.5795,560.602,127.4231,0.4558
tik,462,0,10,103.1185,560.8505,47.001,1.1745
tik,462,0,11,103.337,561.497,129.9874,0.5664
tik,462,0,12,102.9495,561.9045,137.169,0.5604
tik,462,0,13,98.803,559.269,35.6434,9.699
tik,462,0,14,94.9455,556.2165,110.2366,0.4828
tik,462,0,15,95.133,555.7735,115.6583,0.4804
tik,462,0,16,99.61,556.323,9.9354,8.8792
tik,462,0,17,103.9935,557.3335,87.5405,0.4895
tik,462,0,18,104.004,557.7665,90.0,0.377
tik,463,0,0,108.895,557.416,12.5523,0.5245
tik,463,0,1,108.116,560.145,111.1739,5.7309
tik,463,0,2,106.318,562.817,0.0,1.526
tik,463,0,3,105.555,557.955,90.0,9.724
tik,463,0,4,106.186,553.093,0.0,1.262
tik,463,0,5,106.817,555.1635,90.0,4.141
tik,463,0,6,107.076,557.234,0.0,0.518
tik,463,0,7,108.796,555.1635,125.2079,5.0681
tik,463,0,8,110.9765,553.093,0.0,1.439
tik,463,0,9,110.1675,555.226,125.6252,5.2482
tik,463,1,0,106.983,561.737,0.0,0.332
tik,463,1,1,107.1825,560.026,91.1217,3.4227
tik,463,1,2,107.016,558.315,0.0,0.4
tik,463,1,3,106.816,560.026,90.0,3.422
tik,464,0,0,119.2675,554.354,113.9436,2.7573
tik,464,0,1,120.4835,553.094,0.0,1.313
tik,464,0,2,118.7995,558.207,114.5962,11.2465
tik,464,0,3,114.118,558.207,65.3992,11.2469
tik,464,0,4,112.433,553.094,0.0,1.312
tik,464,0,5,113.6485,554.354,66.0564,2.7573
tik,464,0,6,116.458,555.614,0.0,4.5
tik,464,1,0,116.458,556.694,0.0,3.486
tik,464,1,1,115.587,558.671,66.199,4.3215
tik,464,1,2,117.33,558.671,113.7767,4.3207
tik,465,0,0,128.321,556.289,66.5356,7.3585
tik,465,0,1,129.799,559.664,0.0,0.026
tik,465,0,2,130.3825,556.3785,99.8508,6.6693
tik,465,0,3,131.582,553.093,0.0,1.258
tik,465,0,4,131.212,558.232,101.0009,10.4704
tik,465,0,5,128.5345,559.52,66.4495,8.4018
tik,465,0,6,125.177,559.52,113.5568,8.4022
tik,465,0,7,122.4995,558.232,79.0045,10.4702
tik,465,0,8,122.13,553.093,0.0,1.258
tik,465,0,9,123.329,556.365,80.1179,6.6426
tik,465,0,10,123.9125,559.637,0.0,0.027
tik,466,0,0,24.9605,32.241,113.9433,2.7573
tik,466,0,1,26.1765,30.981,0.0,1.313
tik,466,0,2,24.4925,36.094,114.5961,11.2465
tik,466,0,3,19.811,36.094,65.3992,11.2469
tik,466,0,4,18.126,30.981,0.0,1.312
tik,466,0,5,19.3415,32.241,66.0567,2.7573
tik,466,0,6,22.151,33.501,0.0,4.5
tik,466,1,0,22.151,34.581,0.0,3.486
tik,466,1,1,21.28,36.5585,66.2042,4.3224
tik,466,1,2,23.023,36.5585,113.7716,4.3216
tik,467,0,0,28.5567,40.7031,0.0,1.2613
tik,467,0,1,29.1873,35.8416,90.0,9.7231
tik,467,0,2,28.5567,30.98,0.0,1.2613
tik,467,0,3,27.926,35.8416,90.0,9.7231
tik,468,0,0,34.534,35.303,12.5539,0.5245
tik,468,0,1,33.755,38.0315,111.1777,5.7299
tik,468,0,2,31.957,40.7029,0.0,1.526
tik,468,0,3,31.194,35.8415,90.0,9.723
tik,468,0,4,31.8245,30.98,0.0,1.261
tik,468,0,5,32.455,33.0505,90.0,4.141
tik,468,0,6,32.7145,35.121,0.0,0.519
tik,468,0,7,34.435,33.0505,125.2079,5.0681
tik,468,0,8,36.6155,30.98,0.0,1.439
tik,468,0,9,35.8065,33.113,125.6253,5.2482
tik,468,1,0,32.622,39.624,0.0,0.332
tik,468,1,1,32.821,37.913,91.105,3.4226
tik,468,1,2,32.6545,36.202,0.0,0.399
tik,468,1,3,32.455,37.913,90.0,3.422
tik,469,0,0,40.116,35.121,0.0,0.718
tik,469,0,1,40.209,37.912,95.4442,5.6073
tik,469,0,2,39.2195,40.7029,0.0,1.447
tik,469,0,3,38.496,35.8415,90.0,9.723
tik,469,0,4,39.1265,30.98,0.0,1.261
tik,469,0,5,39.757,33.0505,90.0,4.141
tik,469,1,0,39.9235,39.623,0.0,0.333
tik,469,1,1,40.123,37.9125,91.1052,3.4217
tik,469,1,2,39.9565,36.202,0.0,0.399
tik,469,1,3,39.757,37.9125,90.0,3.421
tik,470,0,0,49.3285,41.0505,2.9986,0.5157
tik,470,0,1,48.8195,40.999,8.5975,0.5087
tik,470,0,2,48.817,35.8935,92.8131,10.1472
tik,470,0,3,49.326,30.814,177.3522,0.5206
tik,470,0,4,49.8455,30.814,2.6529,0.5196
tik,470,0,5,50.3545,35.8935,87.1813,10.1472
tik,470,0,6,50.3525,40.999,171.4025,0.5087
tik,470,0,7,49.8435,41.0505,177.0014,0.5157
tik,470,1,0,49.3915,31.89,177.0539,0.3895
tik,470,1,1,49.007,31.93,171.0278,0.3847
tik,470,1,2,48.9915,35.9605,87.5023,8.0086
tik,470,1,3,49.376,39.9725,3.1359,0.4206
tik,470,1,4,49.795,39.9725,176.8491,0.4186
tik,470,1,5,50.179,35.9605,92.5048,8.0086
tik,470,1,6,50.164,31.93,8.9722,0.3847
tik,470,1,7,49.78,31.89,2.9537,0.3885
tik,471,0,0,59.512,35.303,12.5539,0.5245
tik,471,0,1,58.733,38.0315,111.1777,5.7299
tik,471,0,2,56.935,40.7029,0.0,1.526
tik,471,0,3,56.172,35.8415,90.0,9.723
tik,471,0,4,56.8025,30.98,0.0,1.261
tik,471,0,5,57.433,33.0505,90.0,4.141
tik,471,0,6,57.6925,35.121,0.0,0.519
tik,471,0,7,59.413,33.0505,125.2079,5.0681
tik,471,0,8,61.5935,30.98,0.0,1.439
tik,471,0,9,60.7845,33.113,125.6253,5.2482
tik,471,1,0,57.5995,39.624,0.0,0.333
tik,471,1,1,57.7995,37.913,91.1217,3.4227
tik,471,1,2,57.633,36.202,0.0,0.4
tik,471,1,3,57.433,37.913,90.0,3.422
tik,472,0,0,67.335,39.624,0.0,2.322
tik,472,0,1,68.496,40.164,90.0,1.08
tik,472,0,2,65.5445,40.704,0.0,5.903
tik,472,0,3,62.593,40.164,90.0,1.08
tik,472,0,4,63.754,39.624,0.0,2.322
tik,472,0,5,64.915,35.3025,90.0,8.643
tik,472,0,6,65.5445,30.981,0.0,1.259
tik,473,0,0,74.6645,30.98,0.0,2.021
tik,473,0,1,75.694,35.8415,89.7761,9.7231
tik,473,0,2,74.6835,40.703,0.0,2.059
tik,473,0,3,73.654,35.8415,90.0,9.723
tik,473,1,0,75.127,39.623,0.0,0.426
tik,473,1,1,75.34,35.841,90.0,7.564
tik,473,1,2,75.127,32.059,0.0,0.426
tik,473,1,3,74.914,35.841,90.0,7.564
tik,474,0,0,83.1677,40.7031,0.0,1.2613
tik,474,0,1,83.7983,35.8416,90.0,9.7231
tik,474,0,2,83.1677,30.98,0.0,1.2613
tik,474,0,3,82.537,35.8416,90.0,9.7231
tik,475,0,0,92.2155,32.241,113.9434,2.7573
tik,475,0,1,93.4315,30.981,0.0,1.313
tik,475,0,2,91.7475,36.094,114.5961,11.2465
tik,475,0,3,87.066,36.094,65.3992,11.2469
tik,475,0,4,85.381,30.981,0.0,1.312
tik,475,0,5,86.5965,32.241,66.0566,2.7573
tik,475,0,6,89.406,33.501,0.0,4.5
tik,475,1,0,89.406,34.581,0.0,3.486
tik,475,1,1,88.535,36.5585,66.2041,4.3224
tik,475,1,2,90.278,36.5585,113.7715,4.3216
tik,476,0,0,100.273,35.3015,90.0,1.081
tik,476,0,1,101.5085,34.761,0.0,2.471
tik,476,0,2,102.699,34.472,81.1492,0.585
tik,476,0,3,102.5475,33.913,68.473,0.5805
tik,476,0,4,99.171,34.7295,161.6205,6.8915
tik,476,0,5,95.911,36.029,87.3116,0.4265
tik,476,0,6,95.949,36.449,82.2967,0.4178
tik,476,0,7,99.0505,37.8255,20.8323,6.577
tik,476,0,8,102.2825,38.832,134.1992,0.4547
tik,476,0,9,102.5795,38.4885,127.4978,0.455
tik,476,0,10,103.1185,38.737,46.9667,1.1738
tik,476,0,11,103.337,39.3835,129.9226,0.5672
tik,476,0,12,102.9495,39.791,137.2436,0.5598
tik,476,0,13,98.803,37.1555,35.6386,9.6984
tik,476,0,14,94.9455,34.1035,110.2364,0.4828
tik,476,0,15,95.133,33.6605,115.6591,0.4804
tik,476,0,16,99.61,34.21,9.9353,8.8792
tik,476,0,17,103.9935,35.22,87.5357,0.4885
tik,476,0,18,104.004,35.653,90.0,0.378
tik,477,0,0,108.895,35.303,12.5539,0.5245
tik,477,0,1,108.116,38.0315,111.1777,5.7299
tik,477,0,2,106.318,40.7029,0.0,1.526
tik,477,0,3,105.555,35.8415,90.0,9.723
tik,477,0,4,106.186,30.98,0.0,1.262
tik,477,0,5,106.817,33.0505,90.0,4.141
tik,477,0,6,107.076,35.121,0.0,0.518
tik,477,0,7,108.796,33.0505,125.2079,5.0681
tik,477,0,8,110.9765,30.98,0.0,1.439
tik,477,0,9,110.1675,33.113,125.6253,5.2482
tik,477,1,0,106.983,39.624,0.0,0.332
tik,477,1,1,107.1825,37.913,91.1217,3.4227
tik,477,1,2,107.016,36.202,0.0,0.4
tik,477,1,3,106.816,37.913,90.0,3.422
tik,478,0,0,119.2675,32.241,113.9434,2.7573
tik,478,0,1,120.4835,30.981,0.0,1.313
tik,478,0,2,118.7995,36.094,114.5961,11.2465
tik,478,0,3,114.118,36.094,65.3992,11.2469
tik,478,0,4,112.433,30.981,0.0,1.312
tik,478,0,5,113.6485,32.241,66.0566,2.7573
tik,478,0,6,116.458,33.501,0.0,4.5
tik,478,1,0,116.458,34.581,0.0,3.486
tik,478,1,1,115.587,36.5585,66.2041,4.3224
tik,478,1,2,117.33,36.5585,113.7715,4.3216
tik,479,0,0,128.321,34.1765,66.5387,7.3594
tik,479,0,1,129.799,37.552,0.0,0.026
tik,479,0,2,130.3825,34.266,99.8494,6.6703
tik,479,0,3,131.582,30.98,0.0,1.258
tik,479,0,4,131.212,36.119,101.0009,10.4704
tik,479,0,5,128.5345,37.407,66.4494,8.4018
tik,479,0,6,125.177,37.407,113.5569,8.4022
tik,479,0,7,122.4995,36.119,79.0045,10.4702
tik,479,0,8,122.13,30.98,0.0,1.258
tik,479,0,9,123.329,34.252,80.118,6.6426
tik,479,0,10,123.9125,37.524,0.0,0.027
tik,480,0,0,19.645,567.5985,51.6049,2.2316
tik,480,0,1,19.1815,569.064,152.9319,2.5975
tik,480,0,2,18.0,569.517,79.7318,0.2805
tik,480,0,3,18.2405,569.379,0.0,0.531
tik,480,0,4,18.5185,569.459,81.1195,0.1619
tik,480,0,5,19.1565,569.052,142.0965,1.5855
tik,480,0,6,18.85,567.4095,51.1111,2.969
tik,480,0,7,19.2745,566.254,0.0,2.713
tik,480,0,8,20.631,566.489,90.0,0.47
tik,481,0,0,24.099,570.254,90.0,0.47
tik,481,0,1,23.263,570.489,0.0,1.672
tik,481,0,2,22.099,569.3995,73.2453,2.2756
tik,481,0,3,21.822,568.31,0.0,0.102
tik,481,0,4,21.9535,568.389,44.4611,0.2256
tik,481,0,5,22.86,568.0755,154.5838,1.829
tik,481,0,6,23.6755,567.579,84.2349,0.2091
tik,481,0,7,23.6355,567.3785,73.0015,0.2018
tik,481,0,8,22.735,567.153,8.4246,1.761
tik,481,0,9,21.8205,567.084,125.9423,0.1482
tik,481,0,10,21.746,567.209,115.4975,0.144
tik,481,0,11,21.517,567.089,43.0561,0.542
tik,481,0,12,21.372,566.822,122.8766,0.1953
tik,481,0,13,22.1265,567.948,59.8557,2.7938
tik,481,0,14,22.6785,569.1475,3.2538,0.2995
tik,481,0,15,22.6615,569.579,73.2411,0.919
tik,482,0,0,26.113,568.1365,90.0,3.765
tik,482,0,1,26.348,566.254,0.0,0.47
tik,482,0,2,26.583,568.3715,90.0,4.235
tik,482,0,3,26.125,570.489,0.0,0.916
tik,482,0,4,25.52,570.254,57.9726,0.5544
tik,483,0,0,30.133,567.156,53.5818,2.4357
tik,483,0,1,30.938,568.2675,58.0532,0.3099
tik,483,0,2,30.463,569.5225,116.3709,2.508
tik,483,0,3,29.7655,570.632,5.6904,0.2824
tik,483,0,4,29.496,570.5775,17.4298,0.2704
tik,483,0,5,29.552,569.219,97.9901,2.6618
tik,483,0,6,29.844,567.9095,4.542,0.2147
tik,483,0,7,30.0495,567.9505,18.2599,0.2074
tik,483,0,8,30.154,567.9775,137.4883,0.0163
tik,483,0,9,29.5935,567.2235,52.8799,1.8774
tik,483,0,10,29.2185,566.3255,142.0216,0.4859
tik,483,1,0,29.8295,568.3805,174.1175,0.1659
tik,483,1,1,29.6665,568.4145,162.4231,0.1689
tik,483,1,2,29.673,569.2985,84.2134,1.7258
tik,483,1,3,29.853,570.1665,5.8329,0.187
tik,483,1,4,30.031,570.1655,172.958,0.1713
tik,483,1,5,30.1985,569.301,95.5179,1.716
tik,483,1,6,30.1935,568.419,17.7445,0.1837
tik,483,1,7,30.009,568.3815,5.5939,0.1949
tik,484,0,0,33.162,568.1365,90.0,3.765
tik,484,0,1,33.397,566.254,0.0,0.47
tik,484,0,2,33.632,568.3715,90.0,4.235
tik,484,0,3,33.174,570.489,0.0,0.916
tik,484,0,4,32.569,570.254,57.9724,0.5544
tik,485,0,0,285.992,40.958,3.0726,0.2243
tik,485,0,1,285.77,40.9355,8.5203,0.2225
tik,485,0,2,285.7685,38.7115,92.814,4.4204
tik,485,0,3,285.9905,36.499,177.4904,0.2272
tik,485,0,4,286.217,36.499,2.5204,0.2262
tik,485,0,5,286.4385,38.7115,87.1864,4.4204
tik,485,0,6,286.4375,40.9355,171.4411,0.2215
tik,485,0,7,286.216,40.958,176.9274,0.2243
tik,485,1,0,286.019,36.968,177.3074,0.1702
tik,485,1,1,285.8515,36.9855,170.7131,0.1672
tik,485,1,2,285.8455,38.7415,87.4865,3.4884
tik,485,1,3,286.013,40.489,3.1479,0.1823
tik,485,1,4,286.1955,40.489,176.8694,0.1833
tik,485,1,5,286.363,38.7415,92.497,3.4884
tik,485,1,6,286.356,36.9855,9.2316,0.1682
tik,485,1,7,286.1885,36.968,2.7086,0.1692
tik,486,0,0,289.67,39.907,90.0,1.8
tik,486,0,1,289.3955,40.807,0.0,0.549
tik,486,0,2,289.121,38.6895,90.0,4.235
tik,486,0,3,289.3955,36.572,0.0,0.549
tik,486,0,4,289.67,37.4755,90.0,1.807
tik,486,0,5,289.777,38.4795,43.2056,0.2936
tik,486,0,6,290.686,37.576,128.6182,2.57
tik,486,0,7,291.8465,36.572,0.0,0.717
tik,486,0,8,291.231,37.756,129.4421,3.0663
tik,486,0,9,291.214,39.8735,44.2879,2.6738
tik,486,0,10,291.824,40.807,0.0,0.694
tik,487,0,0,293.0445,40.807,0.0,0.549
tik,487,0,1,292.77,38.6895,90.0,4.235
tik,487,0,2,293.691,36.572,0.0,1.842
tik,487,0,3,294.612,36.807,90.0,0.47
tik,487,0,4,293.9655,37.042,0.0,1.293
tik,488,0,0,297.9965,37.121,113.9184,1.2012
tik,488,0,1,298.526,36.572,0.0,0.572
tik,488,0,2,297.7925,38.799,114.5977,4.8986
tik,488,0,3,295.7535,38.799,65.4023,4.8986
tik,488,0,4,295.02,36.572,0.0,0.572
tik,488,0,5,295.5495,37.121,66.0816,1.2012
tik,488,0,6,296.773,37.67,0.0,1.96
tik,488,1,0,296.773,38.14,0.0,1.518
tik,488,1,1,296.3935,39.0015,66.2262,1.8828
tik,488,1,2,297.1525,39.0015,113.7738,1.8828
tik,489,0,0,299.985,39.945,90.0,1.726
tik,489,0,1,299.7105,40.808,0.0,0.549
tik,489,0,2,299.436,38.6906,90.0,4.235
tik,489,0,3,299.7105,36.5731,0.0,0.549
tik,489,0,4,299.985,37.5926,90.0,2.039
tik,489,0,5,300.9655,38.6121,0.0,1.961
tik,489,0,6,301.946,37.5926,90.0,2.039
tik,489,0,7,302.2205,36.5731,0.0,0.549
tik,489,0,8,302.495,38.6906,90.0,4.235
tik,489,0,9,302.2205,40.808,0.0,0.549
tik,489,0,10,301.946,39.945,90.0,1.726
tik,490,0,0,305.318,40.958,3.0726,0.2243
tik,490,0,1,305.096,40.9355,8.5203,0.2225
tik,490,0,2,305.0945,38.7115,92.814,4.4204
tik,490,0,3,305.3165,36.499,177.4904,0.2272
tik,490,0,4,305.543,36.499,2.5204,0.2262
tik,490,0,5,305.7645,38.7115,87.1864,4.4204
tik,490,0,6,305.7635,40.9355,171.4411,0.2215
tik,490,0,7,305.542,40.958,176.9274,0.2243
tik,490,1,0,305.345,36.968,177.3074,0.1702
tik,490,1,1,305.1775,36.9855,170.7131,0.1672
tik,490,1,2,305.171,38.7415,87.503,3.4884
tik,490,1,3,305.3385,40.489,3.1306,0.1833
tik,490,1,4,305.521,40.489,176.8521,0.1823
tik,490,1,5,305.6885,38.7415,92.5135,3.4884
tik,490,1,6,305.682,36.9855,9.2316,0.1682
tik,490,1,7,305.5145,36.968,2.7086,0.1692
tik,491,0,0,311.097,37.964,66.5385,3.205
tik,491,0,1,311.7405,39.434,0.0,0.011
tik,491,0,2,311.995,38.003,99.8712,2.905
tik,491,0,3,312.518,36.572,0.0,0.548
tik,491,0,4,312.3565,38.8105,101.0094,4.5609
tik,491,0,5,311.19,39.3715,66.4538,3.6597
tik,491,0,6,309.7275,39.3715,113.5607,3.6601
tik,491,0,7,308.5615,38.8105,79.0154,4.5605
tik,491,0,8,308.4005,36.572,0.0,0.547
tik,491,0,9,308.9225,37.997,80.1076,2.893
tik,491,0,10,309.177,39.422,0.0,0.012
tik,492,0,0,316.3035,37.121,113.9184,1.2012
tik,492,0,1,316.833,36.572,0.0,0.572
tik,492,0,2,316.0995,38.799,114.5977,4.8986
tik,492,0,3,314.0605,38.799,65.4023,4.8986
tik,492,0,4,313.327,36.572,0.0,0.572
tik,492,0,5,313.8565,37.121,66.0816,1.2012
tik,492,0,6,315.08,37.67,0.0,1.96
tik,492,1,0,315.08,38.14,0.0,1.518
tik,492,1,1,314.7005,39.0015,66.2262,1.8828
tik,492,1,2,315.4595,39.0015,113.7738,1.8828
tik,493,0,0,322.6305,40.747,153.7059,0.28
tik,493,0,1,322.5,38.734,89.8622,4.15
tik,493,0,2,322.6255,36.721,25.4176,0.289
tik,493,0,3,322.756,37.0975,90.0,0.629
tik,493,0,4,322.6295,37.316,37.198,0.3176
tik,493,0,5,322.505,38.7355,89.9244,3.031
tik,493,0,6,322.631,40.1595,143.5772,0.3082
tik,494,0,0,323.9037,40.807,0.0,0.5494
tik,494,0,1,324.1784,38.6895,90.0,4.235
tik,494,0,2,323.9037,36.572,0.0,0.5494
tik,494,0,3,323.629,38.6895,90.0,4.235
tik,495,0,0,326.8815,40.337,0.0,1.011
tik,495,0,1,327.387,40.572,90.0,0.47
tik,495,0,2,326.1015,40.8069,0.0,2.571
tik,495,0,3,324.816,40.572,90.0,0.47
tik,495,0,4,325.322,40.337,0.0,1.012
tik,495,0,5,325.828,38.4545,90.0,3.765
tik,495,0,6,326.102,36.572,0.0,0.548
tik,496,0,0,328.977,37.5115,90.0,1.879
tik,496,0,1,329.2515,36.572,0.0,0.549
tik,496,0,2,329.526,37.5115,90.0,1.879
tik,496,0,3,330.2205,39.629,59.4788,2.735
tik,496,0,4,330.6105,40.807,0.0,0.609
tik,496,0,5,329.779,39.921,59.2556,2.0618
tik,496,0,6,328.7245,39.921,120.7678,2.0623
tik,496,0,7,327.893,40.807,0.0,0.608
tik,497,0,0,331.7755,36.44,67.0705,1.6504
tik,497,0,1,331.615,35.6165,158.4819,0.3461
tik,497,0,2,332.1645,36.291,62.2356,1.668
tik,498,0,0,337.127,40.958,3.0726,0.2243
tik,498,0,1,336.905,40.9355,8.5203,0.2225
tik,498,0,2,336.9035,38.7115,92.814,4.4204
tik,498,0,3,337.1255,36.499,177.4904,0.2272
tik,498,0,4,337.352,36.499,2.5204,0.2262
tik,498,0,5,337.5735,38.7115,87.1864,4.4204
tik,498,0,6,337.5725,40.9355,171.4411,0.2215
tik,498,0,7,337.351,40.958,176.9274,0.2243
tik,498,1,0,337.154,36.968,177.3074,0.1702
tik,498,1,1,336.9865,36.9855,170.7131,0.1672
tik,498,1,2,336.98,38.7415,87.503,3.4884
tik,498,1,3,337.1475,40.489,3.1306,0.1833
tik,498,1,4,337.33,40.489,176.8521,0.1823
tik,498,1,5,337.497,38.7415,92.4975,3.4884
tik,498,1,6,337.4905,36.9855,9.2852,0.1672
tik,498,1,7,337.3235,36.968,2.7086,0.1692
tik,499,0,0,340.804,39.907,90.0,1.8
tik,499,0,1,340.5295,40.807,0.0,0.549
tik,499,0,2,340.255,38.6895,90.0,4.235
tik,499,0,3,340.5295,36.572,0.0,0.549
tik,499,0,4,340.804,37.4755,90.0,1.807
tik,499,0,5,340.911,38.4795,43.2056,0.2936
tik,499,0,6,341.82,37.576,128.6182,2.57
tik,499,0,7,342.9805,36.572,0.0,0.717
tik,499,0,8,342.365,37.756,129.4421,3.0663
tik,499,0,9,342.348,39.8735,44.2879,2.6738
tik,499,0,10,342.958,40.807,0.0,0.694
tik,500,0,0,344.1785,40.807,0.0,0.549
tik,500,0,1,343.904,38.6895,90.0,4.235
tik,500,0,2,344.825,36.572,0.0,1.842
tik,500,0,3,345.746,36.807,90.0,0.47
tik,500,0,4,345.0995,37.042,0.0,1.293
tik,501,0,0,349.1305,37.121,113.9184,1.2012
tik,501,0,1,349.66,36.572,0.0,0.572
tik,501,0,2,348.9265,38.799,114.5977,4.8986
tik,501,0,3,346.8875,38.799,65.4023,4.8986
tik,501,0,4,346.154,36.572,0.0,0.572
tik,501,0,5,346.6835,37.121,66.0816,1.2012
tik,501,0,6,347.907,37.67,0.0,1.96
tik,501,1,0,347.907,38.14,0.0,1.518
tik,501,1,1,347.5275,39.0015,66.2262,1.8828
tik,501,1,2,348.2865,39.0015,113.7738,1.8828
tik,502,0,0,351.119,39.945,90.0,1.726
tik,502,0,1,350.8445,40.808,0.0,0.549
tik,502,0,2,350.57,38.6906,90.0,4.235
tik,502,0,3,350.8445,36.5731,0.0,0.549
tik,502,0,4,351.119,37.5926,90.0,2.039
tik,502,0,5,352.0995,38.6121,0.0,1.961
tik,502,0,6,353.08,37.5926,90.0,2.039
tik,502,0,7,353.3545,36.5731,0.0,0.549
tik,502,0,8,353.629,38.6906,90.0,4.235
tik,502,0,9,353.3545,40.808,0.0,0.549
tik,502,0,10,353.08,39.945,90.0,1.726
tik,503,0,0,356.452,40.958,3.0726,0.2243
tik,503,0,1,356.23,40.9355,8.5203,0.2225
tik,503,0,2,356.2285,38.7115,92.814,4.4204
tik,503,0,3,356.4505,36.499,177.4904,0.2272
tik,503,0,4,356.677,36.499,2.5204,0.2262
tik,503,0,5,356.8985,38.7115,87.1864,4.4204
tik,503,0,6,356.8975,40.9355,171.4411,0.2215
tik,503,0,7,356.676,40.958,176.9274,0.2243
tik,503,1,0,356.479,36.968,177.3074,0.1702
tik,503,1,1,356.3115,36.9855,170.7131,0.1672
tik,503,1,2,356.305,38.7415,87.503,3.4884
tik,503,1,3,356.4725,40.489,3.1306,0.1833
tik,503,1,4,356.655,40.489,176.8521,0.1823
tik,503,1,5,356.822,38.7415,92.4975,3.4884
tik,503,1,6,356.8155,36.9855,9.2852,0.1672
tik,503,1,7,356.6485,36.968,2.7086,0.1692
tik,504,0,0,362.232,37.964,66.5385,3.205
tik,504,0,1,362.8755,39.434,0.0,0.011
tik,504,0,2,363.13,38.003,99.8712,2.905
tik,504,0,3,363.6525,36.572,0.0,0.547
tik,504,0,4,363.491,38.8105,100.997,4.5607
tik,504,0,5,362.325,39.3715,66.4538,3.6597
tik,504,0,6,360.8625,39.3715,113.5607,3.6601
tik,504,0,7,359.6965,38.8105,79.0154,4.5605
tik,504,0,8,359.5355,36.572,0.0,0.547
tik,504,0,9,360.0575,37.997,80.1076,2.893
tik,504,0,10,360.312,39.422,0.0,0.012
tik,505,0,0,367.4385,37.121,113.9184,1.2012
tik,505,0,1,367.968,36.572,0.0,0.572
tik,505,0,2,367.2345,38.799,114.5977,4.8986
tik,505,0,3,365.1955,38.799,65.4023,4.8986
tik,505,0,4,364.462,36.572,0.0,0.572
tik,505,0,5,364.9915,37.121,66.0816,1.2012
tik,505,0,6,366.215,37.67,0.0,1.96
tik,505,1,0,366.215,38.14,0.0,1.518
tik,505,1,1,365.8355,39.0015,66.2262,1.8828
tik,505,1,2,366.5945,39.0015,113.7738,1.8828
tik,506,0,0,285.992,557.479,3.0668,0.2243
tik,506,0,1,285.77,557.4565,8.53,0.2225
tik,506,0,2,285.7685,555.233,92.8146,4.4193
tik,506,0,3,285.9905,553.0205,177.2252,0.2273
tik,506,0,4,286.217,553.0205,2.7868,0.2263
tik,506,0,5,286.4385,555.233,87.1858,4.4193
tik,506,0,6,286.4375,557.4565,171.4314,0.2215
tik,506,0,7,286.216,557.479,176.9332,0.2243
tik,506,1,0,286.019,553.489,177.3061,0.1702
tik,506,1,1,285.8515,553.5065,170.7053,0.1672
tik,506,1,2,285.8455,555.2625,87.4864,3.4884
tik,506,1,3,286.013,557.01,3.1443,0.1823
tik,506,1,4,286.1955,557.01,176.873,0.1833
tik,506,1,5,286.363,555.2625,92.497,3.4883
tik,506,1,6,286.356,553.5065,9.2393,0.1682
tik,506,1,7,286.1885,553.489,2.7099,0.1692
tik,507,0,0,289.67,556.428,90.0,1.8
tik,507,0,1,289.3955,557.328,0.0,0.549
tik,507,0,2,289.121,555.2105,90.0,4.235
tik,507,0,3,289.3955,553.093,0.0,0.549
tik,507,0,4,289.67,553.9965,90.0,1.807
tik,507,0,5,289.777,555.0005,43.2072,0.2936
tik,507,0,6,290.686,554.097,128.6181,2.57
tik,507,0,7,291.8465,553.093,0.0,0.717
tik,507,0,8,291.231,554.277,129.4419,3.0663
tik,507,0,9,291.214,556.3945,44.2878,2.6738
tik,507,0,10,291.824,557.328,0.0,0.694
tik,508,0,0,293.0445,557.328,0.0,0.549
tik,508,0,1,292.77,555.2105,90.0,4.235
tik,508,0,2,293.691,553.093,0.0,1.842
tik,508,0,3,294.612,553.328,90.0,0.47
tik,508,0,4,293.9655,553.563,0.0,1.293
tik,509,0,0,297.9965,553.642,113.9189,1.2012
tik,509,0,1,298.526,553.093,0.0,0.572
tik,509,0,2,297.7925,555.32,114.5979,4.8985
tik,509,0,3,295.7535,555.32,65.4021,4.8985
tik,509,0,4,295.02,553.093,0.0,0.572
tik,509,0,5,295.5495,553.642,66.0811,1.2012
tik,509,0,6,296.773,554.191,0.0,1.96
tik,509,1,0,296.773,554.661,0.0,1.518
tik,509,1,1,296.3935,555.5225,66.2259,1.8828
tik,509,1,2,297.1525,555.5225,113.7741,1.8828
tik,510,0,0,299.985,556.466,90.0,1.726
tik,510,0,1,299.7105,557.329,0.0,0.549
tik,510,0,2,299.436,555.2115,90.0,4.235
tik,510,0,3,299.7105,553.094,0.0,0.549
tik,510,0,4,299.985,554.1135,90.0,2.039
tik,510,0,5,300.9655,555.133,0.0,1.961
tik,510,0,6,301.946,554.1135,90.0,2.039
tik,510,0,7,302.2205,553.094,0.0,0.549
tik,510,0,8,302.495,555.2115,90.0,4.235
tik,510,0,9,302.2205,557.329,0.0,0.549
tik,510,0,10,301.946,556.466,90.0,1.726
tik,511,0,0,305.318,557.479,3.0668,0.2243
tik,511,0,1,305.096,557.4565,8.53,0.2225
tik,511,0,2,305.0945,555.233,92.8146,4.4193
tik,511,0,3,305.3165,553.0205,177.2252,0.2273
tik,511,0,4,305.543,553.0205,2.7868,0.2263
tik,511,0,5,305.7645,555.233,87.1858,4.4193
tik,511,0,6,305.7635,557.4565,171.4314,0.2215
tik,511,0,7,305.542,557.479,176.9332,0.2243
tik,511,1,0,305.345,553.489,177.3061,0.1702
tik,511,1,1,305.1775,553.5065,170.7053,0.1672
tik,511,1,2,305.171,555.2625,87.503,3.4883
tik,511,1,3,305.3385,557.01,3.127,0.1833
tik,511,1,4,305.521,557.01,176.8557,0.1823
tik,511,1,5,305.6885,555.2625,92.5136,3.4884
tik,511,1,6,305.682,553.5065,9.2393,0.1682
tik,511,1,7,305.5145,553.489,2.7099,0.1692
tik,512,0,0,311.097,554.485,66.5385,3.205
tik,512,0,1,311.7405,555.955,0.0,0.011
tik,512,0,2,311.995,554.524,99.8712,2.905
tik,512,0,3,312.518,553.093,0.0,0.548
tik,512,0,4,312.3565,555.3315,101.0094,4.5609
tik,512,0,5,311.19,555.8925,66.4539,3.6597
tik,512,0,6,309.7275,555.8925,113.5605,3.6601
tik,512,0,7,308.5615,555.3315,79.0155,4.5606
tik,512,0,8,308.4005,553.093,0.0,0.547
tik,512,0,9,308.9225,554.518,80.1077,2.893
tik,512,0,10,309.177,555.943,0.0,0.012
tik,513,0,0,316.3035,553.642,113.9189,1.2012
tik,513,0,1,316.833,553.093,0.0,0.572
tik,513,0,2,316.0995,555.32,114.5979,4.8985
tik,513,0,3,314.0605,555.32,65.4021,4.8985
tik,513,0,4,313.327,553.093,0.0,0.572
tik,513,0,5,313.8565,553.642,66.0811,1.2012
tik,513,0,6,315.08,554.191,0.0,1.96
tik,513,1,0,315.08,554.661,0.0,1.518
tik,513,1,1,314.7005,555.5225,66.2259,1.8828
tik,513,1,2,315.4595,555.5225,113.7741,1.8828
tik,514,0,0,322.6305,557.268,153.7101,0.28
tik,514,0,1,322.5,555.2555,89.8622,4.149
tik,514,0,2,322.6255,553.243,25.4135,0.2889
tik,514,0,3,322.756,553.6195,90.0,0.629
tik,514,0,4,322.6295,553.838,37.1958,0.3176
tik,514,0,5,322.505,555.257,89.9244,3.03
tik,514,0,6,322.631,556.6805,143.5743,0.3082
tik,515,0,0,323.9037,557.328,0.0,0.5494
tik,515,0,1,324.1784,555.2105,90.0,4.235
tik,515,0,2,323.9037,553.093,0.0,0.5494
tik,515,0,3,323.629,555.2105,90.0,4.235
tik,516,0,0,326.8815,556.858,0.0,1.011
tik,516,0,1,327.387,557.093,90.0,0.47
tik,516,0,2,326.1015,557.328,0.0,2.571
tik,516,0,3,324.816,557.093,90.0,0.47
tik,516,0,4,325.322,556.858,0.0,1.012
tik,516,0,5,325.828,554.9755,90.0,3.765
tik,516,0,6,326.102,553.093,0.0,0.548
tik,517,0,0,328.977,554.0325,90.0,1.879
tik,517,0,1,329.2515,553.093,0.0,0.549
tik,517,0,2,329.526,554.0325,90.0,1.879
tik,517,0,3,330.2205,556.15,59.4786,2.735
tik,517,0,4,330.6105,557.328,0.0,0.609
tik,517,0,5,329.779,556.4415,59.2693,2.0626
tik,517,0,6,328.7245,556.4415,120.754,2.0631
tik,517,0,7,327.893,557.328,0.0,0.608
tik,518,0,0,331.7755,552.961,67.0702,1.6504
tik,518,0,1,331.615,552.1375,158.4749,0.3461
tik,518,0,2,332.1645,552.812,62.2364,1.668
tik,519,0,0,337.127,557.479,3.0668,0.2243
tik,519,0,1,336.905,557.4565,8.53,0.2225
tik,519,0,2,336.9035,555.233,92.8146,4.4193
tik,519,0,3,337.1255,553.0205,177.2252,0.2273
tik,519,0,4,337.352,553.0205,2.7868,0.2263
tik,519,0,5,337.5735,555.233,87.1858,4.4193
tik,519,0,6,337.5725,557.4565,171.4314,0.2215
tik,519,0,7,337.351,557.479,176.9332,0.2243
tik,519,1,0,337.154,553.489,177.3061,0.1702
tik,519,1,1,336.9865,553.5065,170.7053,0.1672
tik,519,1,2,336.98,555.2625,87.503,3.4883
tik,519,1,3,337.1475,557.01,3.127,0.1833
tik,519,1,4,337.33,557.01,176.8557,0.1823
tik,519,1,5,337.497,555.2625,92.4975,3.4883
tik,519,1,6,337.4905,553.5065,9.293,0.1672
tik,519,1,7,337.3235,553.489,2.7099,0.1692
tik,520,0,0,340.804,556.428,90.0,1.8
tik,520,0,1,340.5295,557.328,0.0,0.549
tik,520,0,2,340.255,555.2105,90.0,4.235
tik,520,0,3,340.5295,553.093,0.0,0.549
tik,520,0,4,340.804,553.9965,90.0,1.807
tik,520,0,5,340.911,555.0005,43.2072,0.2936
tik,520,0,6,341.82,554.097,128.6181,2.57
tik,520,0,7,342.9805,553.093,0.0,0.717
tik,520,0,8,342.365,554.277,129.4419,3.0663
tik,520,0,9,342.348,556.3945,44.2878,2.6738
tik,520,0,10,342.958,557.328,0.0,0.694
tik,521,0,0,344.1785,557.328,0.0,0.549
tik,521,0,1,343.904,555.2105,90.0,4.235
tik,521,0,2,344.825,553.093,0.0,1.842
tik,521,0,3,345.746,553.328,90.0,0.47
tik,521,0,4,345.0995,553.563,0.0,1.293
tik,522,0,0,349.1305,553.642,113.9189,1.2012
tik,522,0,1,349.66,553.093,0.0,0.572
tik,522,0,2,348.9265,555.32,114.5979,4.8985
tik,522,0,3,346.8875,555.32,65.4021,4.8985
tik,522,0,4,346.154,553.093,0.0,0.572
tik,522,0,5,346.6835,553.642,66.0811,1.2012
tik,522,0,6,347.907,554.191,0.0,1.96
tik,522,1,0,347.907,554.661,0.0,1.518
tik,522,1,1,347.5275,555.5225,66.2259,1.8828
tik,522,1,2,348.2865,555.5225,113.7741,1.8828
tik,523,0,0,351.119,556.466,90.0,1.726
tik,523,0,1,350.8445,557.329,0.0,0.549
tik,523,0,2,350.57,555.2115,90.0,4.235
tik,523,0,3,350.8445,553.094,0.0,0.549
tik,523,0,4,351.119,554.1135,90.0,2.039
tik,523,0,5,352.0995,555.133,0.0,1.961
tik,523,0,6,353.08,554.1135,90.0,2.039
tik,523,0,7,353.3545,553.094,0.0,0.549
tik,523,0,8,353.629,555.2115,90.0,4.235
tik,523,0,9,353.3545,557.329,0.0,0.549
tik,523,0,10,353.08,556.466,90.0,1.726
tik,524,0,0,356.452,557.479,3.0668,0.2243
tik,524,0,1,356.23,557.4565,8.53,0.2225
tik,524,0,2,356.2285,555.233,92.8146,4.4193
tik,524,0,3,356.4505,553.0205,177.2252,0.2273
tik,524,0,4,356.677,553.0205,2.7868,0.2263
tik,524,0,5,356.8985,555.233,87.1858,4.4193
tik,524,0,6,356.8975,557.4565,171.4314,0.2215
tik,524,0,7,356.676,557.479,176.9332,0.2243
tik,524,1,0,356.479,553.489,177.3061,0.1702
tik,524,1,1,356.3115,553.5065,170.7053,0.1672
tik,524,1,2,356.305,555.2625,87.503,3.4883
tik,524,1,3,356.4725,557.01,3.127,0.1833
tik,524,1,4,356.655,557.01,176.8557,0.1823
tik,524,1,5,356.822,555.2625,92.4975,3.4883
tik,524,1,6,356.8155,553.5065,9.293,0.1672
tik,524,1,7,356.6485,553.489,2.7099,0.1692
tik,525,0,0,362.232,554.485,66.5385,3.205
tik,525,0,1,362.8755,555.955,0.0,0.011
tik,525,0,2,363.13,554.524,99.8712,2.905
tik,525,0,3,363.6525,553.093,0.0,0.547
tik,525,0,4,363.491,555.3315,100.997,4.5607
tik,525,0,5,362.325,555.8925,66.4539,3.6597
tik,525,0,6,360.8625,555.8925,113.5605,3.6601
tik,525,0,7,359.6965,555.3315,79.0155,4.5606
tik,525,0,8,359.5355,553.093,0.0,0.547
tik,525,0,9,360.0575,554.518,80.1077,2.893
tik,525,0,10,360.312,555.943,0.0,0.012
tik,526,0,0,367.4385,553.642,113.9189,1.2012
tik,526,0,1,367.968,553.093,0.0,0.572
tik,526,0,2,367.2345,555.32,114.5979,4.8985
tik,526,0,3,365.1955,555.32,65.4021,4.8985
tik,526,0,4,364.462,553.093,0.0,0.572
tik,526,0,5,364.9915,553.642,66.0811,1.2012
tik,526,0,6,366.215,554.191,0.0,1.96
tik,526,1,0,366.215,554.661,0.0,1.518
tik,526,1,1,365.8355,555.5225,66.2259,1.8828
tik,526,1,2,366.5945,555.5225,113.7741,1.8828
tik,527,0,0,348.951,562.005,0.0,0.49
tik,527,0,1,348.96,562.4085,120.3218,0.9349
tik,527,0,2,348.6715,565.145,91.2893,4.6672
tik,527,0,3,348.9075,567.9785,60.04,1.1554
tik,527,0,4,348.951,568.479,0.0,0.49
tik,527,0,5,348.4345,568.055,57.3674,1.007
tik,527,0,6,348.017,565.5585,85.9705,4.1553
tik,527,0,7,348.0605,563.0885,115.4884,0.8807
tik,528,0,0,350.6805,563.378,0.0,0.687
tik,528,0,1,351.024,564.2605,90.0,1.765
tik,528,0,2,351.4035,565.512,44.1962,1.0586
tik,528,0,3,352.749,564.6295,127.6633,3.1619
tik,528,0,4,354.135,563.378,0.0,0.84
tik,528,0,5,353.4085,564.8625,127.6794,3.7514
tik,528,0,6,353.3595,567.413,44.1658,3.06
tik,528,0,7,353.985,568.479,0.0,0.944
tik,528,0,8,352.2685,567.269,44.1949,3.4715
tik,528,0,9,351.024,567.269,90.0,2.42
tik,528,0,10,350.6805,568.479,0.0,0.687
tik,529,0,0,356.9275,563.378,0.0,0.687
tik,529,0,1,357.271,565.634,90.0,4.512
tik,529,0,2,358.1045,567.89,0.0,1.667
tik,529,0,3,358.938,568.1845,90.0,0.589
tik,529,0,4,356.927,568.479,0.0,4.022
tik,529,0,5,354.916,568.1845,90.0,0.589
tik,529,0,6,355.75,567.89,0.0,1.668
tik,530,0,0,360.2264,568.4788,0.0,0.6868
tik,530,0,1,360.5698,565.9284,90.0,5.1008
tik,530,0,2,360.2264,563.378,0.0,0.6868
tik,530,0,3,359.883,565.9284,90.0,5.1008
tik,531,0,0,362.4495,563.378,0.0,0.687
tik,531,0,1,362.793,564.2605,90.0,1.765
tik,531,0,2,363.1725,565.512,44.1962,1.0586
tik,531,0,3,364.518,564.6295,127.6633,3.1619
tik,531,0,4,365.9045,563.378,0.0,0.841
tik,531,0,5,365.178,564.8625,127.6916,3.752
tik,531,0,6,365.1285,567.413,44.1658,3.06
tik,531,0,7,365.754,568.479,0.0,0.944
tik,531,0,8,364.0375,567.269,44.1949,3.4715
tik,531,0,9,362.793,567.269,90.0,2.42
tik,531,0,10,362.4495,568.479,0.0,0.687
tik,532,0,0,367.304,562.3485,56.5409,0.8235
tik,532,0,1,367.5745,565.1615,88.9911,4.9398
tik,532,0,2,367.3475,568.055,122.536,1.0059
tik,532,0,3,366.8315,568.479,0.0,0.491
tik,532,0,4,366.877,567.974,119.9522,1.1657
tik,532,0,5,367.1135,565.1405,88.6591,4.6583
tik,532,0,6,366.8225,562.4085,59.6249,0.9354
tik,533,0,0,348.951,24.944,0.0,0.49
tik,533,0,1,348.96,25.3475,120.3216,0.9349
tik,533,0,2,348.6715,28.084,91.2893,4.6672
tik,533,0,3,348.9075,30.917,60.0152,1.1545
tik,533,0,4,348.951,31.417,0.0,0.49
tik,533,0,5,348.4345,30.9935,57.3381,1.0061
tik,533,0,6,348.017,28.4975,85.9704,4.1552
tik,533,0,7,348.0605,26.0275,115.4872,0.8808
tik,534,0,0,350.6805,26.317,0.0,0.687
tik,534,0,1,351.024,27.1995,90.0,1.765
tik,534,0,2,351.4035,28.451,44.1953,1.0586
tik,534,0,3,352.749,27.5685,127.6634,3.1619
tik,534,0,4,354.135,26.317,0.0,0.84
tik,534,0,5,353.4085,27.8015,127.6795,3.7514
tik,534,0,6,353.3595,30.352,44.166,3.06
tik,534,0,7,353.985,31.418,0.0,0.944
tik,534,0,8,352.2685,30.208,44.1947,3.4715
tik,534,0,9,351.024,30.208,90.0,2.42
tik,534,0,10,350.6805,31.418,0.0,0.687
tik,535,0,0,356.9275,26.317,0.0,0.687
tik,535,0,1,357.271,28.573,90.0,4.512
tik,535,0,2,358.1045,30.829,0.0,1.667
tik,535,0,3,358.938,31.1235,90.0,0.589
tik,535,0,4,356.927,31.418,0.0,4.022
tik,535,0,5,354.916,31.1235,90.0,0.589
tik,535,0,6,355.75,30.829,0.0,1.668
tik,536,0,0,360.2264,31.418,0.0,0.6868
tik,536,0,1,360.5698,28.8675,90.0,5.101
tik,536,0,2,360.2264,26.317,0.0,0.6868
tik,536,0,3,359.883,28.8675,90.0,5.101
tik,537,0,0,362.4495,26.317,0.0,0.687
tik,537,0,1,362.793,27.1995,90.0,1.765
tik,537,0,2,363.1725,28.451,44.1953,1.0586
tik,537,0,3,364.518,27.5685,127.6634,3.1619
tik,537,0,4,365.9045,26.317,0.0,0.841
tik,537,0,5,365.178,27.8015,127.6916,3.752
tik,537,0,6,365.1285,30.352,44.166,3.06
tik,537,0,7,365.754,31.418,0.0,0.944
tik,537,0,8,364.0375,30.208,44.1947,3.4715
tik,537,0,9,362.793,30.208,90.0,2.42
tik,537,0,10,362.4495,31.418,0.0,0.687
tik,538,0,0,367.304,25.2875,56.5414,0.8235
tik,538,0,1,367.5745,28.1005,88.9911,4.9397
tik,538,0,2,367.3475,30.994,122.5353,1.0059
tik,538,0,3,366.8315,31.418,0.0,0.491
tik,538,0,4,366.877,30.913,119.952,1.1657
tik,538,0,5,367.1135,28.0795,88.6591,4.6583
tik,538,0,6,366.8225,25.3475,59.6252,0.9354
tik,539,0,0,301.795,31.023,0.0,1.264
tik,539,0,1,302.427,31.317,90.0,0.588
tik,539,0,2,300.82,31.611,0.0,3.214
tik,539,0,3,299.213,31.317,90.0,0.588
tik,539,0,4,299.8455,31.023,0.0,1.265
tik,539,0,5,300.478,28.67,90.0,4.706
tik,539,0,6,300.8205,26.317,0.0,0.685
tik,540,0,0,303.5164,31.6108,0.0,0.6868
tik,540,0,1,303.8598,28.9639,90.0,5.2938
tik,540,0,2,303.5164,26.317,0.0,0.6868
tik,540,0,3,303.173,28.9639,90.0,5.2938
tik,541,0,0,305.4145,26.317,0.0,0.687
tik,541,0,1,305.758,28.3115,90.0,3.989
tik,541,0,2,307.7185,28.202,132.9778,5.7517
tik,541,0,3,309.679,28.8545,90.0,5.513
tik,541,0,4,309.336,31.611,0.0,0.686
tik,541,0,5,308.993,29.679,90.0,3.864
tik,541,0,6,307.032,29.806,133.6036,5.6868
tik,542,0,0,311.561,30.485,90.0,2.25
tik,542,0,1,311.2175,31.61,0.0,0.687
tik,542,0,2,310.874,28.9635,90.0,5.293
tik,542,0,3,311.2175,26.317,0.0,0.687
tik,542,0,4,311.561,27.4455,90.0,2.257
tik,542,0,5,311.695,28.7005,43.3492,0.3686
tik,542,0,6,312.8315,27.572,128.618,3.2125
tik,542,0,7,314.282,26.317,0.0,0.896
tik,542,0,8,313.5125,27.7965,129.451,3.8321
tik,542,0,9,313.4915,30.4435,44.2966,3.3434
tik,542,0,10,314.254,31.611,0.0,0.868
tik,543,0,0,316.811,26.317,0.0,2.882
tik,543,0,1,318.252,26.611,90.0,0.588
tik,543,0,2,317.1545,26.905,0.0,2.195
tik,543,0,3,316.057,27.9345,90.0,2.059
tik,543,0,4,317.1225,28.964,0.0,2.131
tik,543,0,5,318.188,29.258,90.0,0.588
tik,543,0,6,317.1225,29.552,0.0,2.131
tik,543,0,7,316.057,30.2875,90.0,1.471
tik,543,0,8,317.1545,31.023,0.0,2.195
tik,543,0,9,318.252,31.317,90.0,0.588
tik,543,0,10,316.811,31.611,0.0,2.882
tik,544,0,0,321.1275,28.67,12.5315,0.2858
tik,544,0,1,320.7035,30.1555,111.177,3.1197
tik,544,0,2,319.7245,31.61,0.0,0.831
tik,544,0,3,319.309,28.9635,90.0,5.293
tik,544,0,4,319.6525,26.317,0.0,0.687
tik,544,0,5,319.996,27.444,90.0,2.254
tik,544,0,6,320.137,28.571,0.0,0.282
tik,544,0,7,321.0735,27.444,125.2163,2.759
tik,544,0,8,322.261,26.317,0.0,0.784
tik,544,0,9,321.8205,27.478,125.6425,2.8573
tik,544,1,0,320.0865,31.0229,0.0,0.181
tik,544,1,1,320.195,30.0915,91.1074,1.8633
tik,544,1,2,320.1045,29.16,0.0,0.217
tik,544,1,3,319.996,30.0915,90.0,1.863
tik,545,0,0,329.1935,27.003,113.9355,1.5011
tik,545,0,1,329.8555,26.317,0.0,0.715
tik,545,0,2,328.9385,29.101,114.5982,6.1237
tik,545,0,3,326.3895,29.101,65.4021,6.1237
tik,545,0,4,325.4725,26.317,0.0,0.715
tik,545,0,5,326.1345,27.003,66.0655,1.5011
tik,545,0,6,327.664,27.689,0.0,2.45
tik,545,1,0,327.664,28.277,0.0,1.898
tik,545,1,1,327.1895,29.3535,66.2131,2.3529
tik,545,1,2,328.1385,29.3535,113.7869,2.3529
tik,546,0,0,333.527,31.317,90.0,0.588
tik,546,0,1,332.2275,31.611,0.0,2.599
tik,546,0,2,330.928,28.964,90.0,5.294
tik,546,0,3,331.271,26.317,0.0,0.686
tik,546,0,4,331.614,27.6405,90.0,2.647
tik,546,0,5,332.5385,28.964,0.0,1.849
tik,546,0,6,333.463,29.258,90.0,0.588
tik,546,0,7,332.5385,29.552,0.0,1.849
tik,546,0,8,331.614,30.2875,90.0,1.471
tik,547,0,0,335.1505,26.317,0.0,1.233
tik,547,0,1,336.248,27.698,70.7969,2.9248
tik,547,0,2,336.618,29.1095,164.643,0.2302
tik,547,0,3,336.507,29.147,90.0,0.014
tik,547,0,4,336.6315,29.239,34.3302,0.3015
tik,547,0,5,335.981,30.4675,124.1272,2.7627
tik,547,0,6,334.87,31.611,0.0,0.672
tik,547,0,7,334.534,28.964,90.0,5.294
tik,547,1,0,335.31,31.023,0.0,0.178
tik,547,1,1,335.392,30.1405,89.5463,1.7651
tik,547,1,2,335.303,29.258,0.0,0.164
tik,547,1,3,335.221,30.1405,90.0,1.765
tik,547,2,0,335.4195,28.768,0.0,0.397
tik,547,2,1,335.659,27.8365,92.5194,1.8648
tik,547,2,2,335.4605,26.905,0.0,0.479
tik,547,2,3,335.221,27.8365,90.0,1.863
tik,548,0,0,301.795,568.083,0.0,1.264
tik,548,0,1,302.427,568.377,90.0,0.588
tik,548,0,2,300.82,568.671,0.0,3.214
tik,548,0,3,299.213,568.377,90.0,0.588
tik,548,0,4,299.8455,568.083,0.0,1.265
tik,548,0,5,300.478,565.73,90.0,4.706
tik,548,0,6,300.8205,563.377,0.0,0.685
tik,549,0,0,303.5164,568.6718,0.0,0.6868
tik,549,0,1,303.8598,566.0249,90.0,5.2938
tik,549,0,2,303.5164,563.378,0.0,0.6868
tik,549,0,3,303.173,566.0249,90.0,5.2938
tik,550,0,0,305.4145,563.378,0.0,0.687
tik,550,0,1,305.758,565.3725,90.0,3.989
tik,550,0,2,307.7185,565.263,132.9779,5.7516
tik,550,0,3,309.679,565.9155,90.0,5.513
tik,550,0,4,309.336,568.672,0.0,0.686
tik,550,0,5,308.993,566.74,90.0,3.864
tik,550,0,6,307.032,566.867,133.6035,5.6868
tik,551,0,0,311.561,567.5465,90.0,2.251
tik,551,0,1,311.2175,568.672,0.0,0.687
tik,551,0,2,310.874,566.025,90.0,5.294
tik,551,0,3,311.2175,563.378,0.0,0.687
tik,551,0,4,311.561,564.5065,90.0,2.257
tik,551,0,5,311.695,565.7615,43.3501,0.3686
tik,551,0,6,312.8315,564.633,128.6181,3.2125
tik,551,0,7,314.282,563.378,0.0,0.896
tik,551,0,8,313.5125,564.8575,129.4514,3.8321
tik,551,0,9,313.4915,567.5045,44.2971,3.3435
tik,551,0,10,314.254,568.672,0.0,0.868
tik,552,0,0,316.811,563.378,0.0,2.882
tik,552,0,1,318.252,563.672,90.0,0.588
tik,552,0,2,317.1545,563.966,0.0,2.195
tik,552,0,3,316.057,564.9955,90.0,2.059
tik,552,0,4,317.1225,566.025,0.0,2.131
tik,552,0,5,318.188,566.319,90.0,0.588
tik,552,0,6,317.1225,566.613,0.0,2.131
tik,552,0,7,316.057,567.3485,90.0,1.471
tik,552,0,8,317.1545,568.084,0.0,2.195
tik,552,0,9,318.252,568.378,90.0,0.588
tik,552,0,10,316.811,568.672,0.0,2.882
tik,553,0,0,321.1275,565.731,12.5292,0.2858
tik,553,0,1,320.7035,567.217,111.1704,3.1206
tik,553,0,2,319.7245,568.672,0.0,0.831
tik,553,0,3,319.309,566.025,90.0,5.294
tik,553,0,4,319.6525,563.378,0.0,0.687
tik,553,0,5,319.996,564.505,90.0,2.254
tik,553,0,6,320.137,565.632,0.0,0.282
tik,553,0,7,321.0735,564.505,125.2167,2.759
tik,553,0,8,322.261,563.378,0.0,0.784
tik,553,0,9,321.8205,564.539,125.6427,2.8573
tik,553,1,0,320.0865,568.084,0.0,0.181
tik,553,1,1,320.195,567.1525,91.1074,1.8633
tik,553,1,2,320.1045,566.221,0.0,0.217
tik,553,1,3,319.996,567.152,90.0,1.862
tik,554,0,0,329.1935,564.064,113.9357,1.5011
tik,554,0,1,329.8555,563.378,0.0,0.715
tik,554,0,2,328.9385,566.1615,114.602,6.1228
tik,554,0,3,326.3895,566.1615,65.3982,6.1228
tik,554,0,4,325.4725,563.378,0.0,0.715
tik,554,0,5,326.1345,564.064,66.0654,1.5011
tik,554,0,6,327.664,564.75,0.0,2.45
tik,554,1,0,327.664,565.338,0.0,1.898
tik,554,1,1,327.1895,566.4145,66.2129,2.3529
tik,554,1,2,328.1385,566.4145,113.7871,2.3529
tik,555,0,0,333.527,568.377,90.0,0.588
tik,555,0,1,332.2275,568.671,0.0,2.599
tik,555,0,2,330.928,566.024,90.0,5.294
tik,555,0,3,331.271,563.377,0.0,0.686
tik,555,0,4,331.614,564.7005,90.0,2.647
tik,555,0,5,332.5385,566.024,0.0,1.849
tik,555,0,6,333.463,566.318,90.0,0.588
tik,555,0,7,332.5385,566.612,0.0,1.849
tik,555,0,8,331.614,567.3475,90.0,1.471
tik,556,0,0,335.1505,563.378,0.0,1.233
tik,556,0,1,336.248,564.7585,70.7903,2.9238
tik,556,0,2,336.618,566.17,164.397,0.2305
tik,556,0,3,336.507,566.2075,90.0,0.013
tik,556,0,4,336.6315,566.299,34.3233,0.3015
tik,556,0,5,335.981,567.5275,124.127,2.7628
tik,556,0,6,334.87,568.671,0.0,0.672
tik,556,0,7,334.534,566.0245,90.0,5.293
tik,556,1,0,335.31,568.084,0.0,0.178
tik,556,1,1,335.392,567.2015,89.5463,1.7651
tik,556,1,2,335.303,566.319,0.0,0.164
tik,556,1,3,335.221,567.2015,90.0,1.765
tik,556,2,0,335.4195,565.829,0.0,0.397
tik,556,2,1,335.659,564.8975,92.5193,1.8648
tik,556,2,2,335.4605,563.966,0.0,0.479
tik,556,2,3,335.221,564.8975,90.0,1.863
tik,557,0,0,185.0915,557.171,0.0,0.553
tik,557,0,1,185.368,557.4065,90.0,0.471
tik,557,0,2,184.817,557.642,0.0,1.102
tik,557,0,3,184.266,554.8185,90.0,5.647
tik,557,0,4,184.817,551.995,0.0,1.102
tik,557,0,5,185.368,552.2305,90.0,0.471
tik,557,0,6,185.0915,552.466,0.0,0.553
tik,558,0,0,186.282,555.9895,90.0,2.677
tik,558,0,1,187.851,554.651,0.0,3.138
tik,558,0,2,189.42,555.9895,90.0,2.677
tik,558,0,3,189.145,557.328,0.0,0.55
tik,558,0,4,188.87,556.0805,90.0,2.495
tik,558,0,5,187.8505,554.833,0.0,2.039
tik,558,0,6,186.831,556.0805,90.0,2.495
tik,559,0,0,192.7215,556.935,124.3373,0.172
tik,559,0,1,192.6175,557.0685,131.6031,0.1672
tik,559,0,2,191.7755,556.299,46.61,2.2898
tik,559,0,3,191.075,555.4205,151.6011,0.1955
tik,559,0,4,191.251,555.332,154.9823,0.1986
tik,559,0,5,191.08,554.6355,68.2588,1.4092
tik,559,0,6,190.795,554.06,106.8949,0.1651
tik,559,0,7,190.764,554.226,94.6026,0.1746
tik,559,0,8,190.4825,554.255,11.9309,0.5611
tik,559,0,9,190.2355,554.071,102.3104,0.2579
tik,559,0,10,190.31,553.831,112.4074,0.2466
tik,559,0,11,191.5435,554.362,28.5292,2.701
tik,559,0,12,192.6655,555.0905,127.6873,0.211
tik,559,0,13,192.522,555.2465,137.4547,0.2144
tik,559,0,14,192.352,555.3815,145.5192,0.2208
tik,559,0,15,191.632,555.806,150.0788,1.4515
tik,559,0,16,190.983,556.2215,110.5016,0.1142
tik,559,0,17,190.956,556.335,96.6509,0.1208
tik,559,0,18,191.411,556.6915,32.6915,1.0979
tik,559,0,19,191.9635,556.9495,156.9545,0.1967
tik,559,0,20,192.1295,556.8465,139.4924,0.1986
tik,559,0,21,192.269,556.693,125.7216,0.2192
tik,560,0,0,196.4845,553.642,113.9189,1.2012
tik,560,0,1,197.014,553.093,0.0,0.572
tik,560,0,2,196.2805,555.32,114.5979,4.8985
tik,560,0,3,194.2415,555.32,65.4021,4.8985
tik,560,0,4,193.508,553.093,0.0,0.572
tik,560,0,5,194.0375,553.642,66.0811,1.2012
tik,560,0,6,195.261,554.191,0.0,1.96
tik,560,1,0,195.261,554.661,0.0,1.518
tik,560,1,1,194.8815,555.5225,66.2259,1.8828
tik,560,1,2,195.6405,555.5225,113.7741,1.8828
tik,561,0,0,200.003,557.093,90.0,0.47
tik,561,0,1,198.963,557.328,0.0,2.08
tik,561,0,2,197.923,555.2105,90.0,4.235
tik,561,0,3,198.198,553.093,0.0,0.55
tik,561,0,4,198.473,554.152,90.0,2.118
tik,561,0,5,199.2125,555.211,0.0,1.479
tik,561,0,6,199.952,555.446,90.0,0.47
tik,561,0,7,199.2125,555.681,0.0,1.479
tik,561,0,8,198.473,556.2695,90.0,1.177
tik,562,0,0,201.055,552.466,0.0,0.554
tik,562,0,1,200.778,552.2305,90.0,0.471
tik,562,0,2,201.3295,551.995,0.0,1.103
tik,562,0,3,201.881,554.8185,90.0,5.647
tik,562,0,4,201.3295,557.642,0.0,1.103
tik,562,0,5,200.778,557.4065,90.0,0.471
tik,562,0,6,201.055,557.171,0.0,0.554
tik,563,0,0,137.64,262.5505,90.0,3.765
tik,563,0,1,137.875,260.668,0.0,0.47
tik,563,0,2,138.11,262.7855,90.0,4.235
tik,563,0,3,137.652,264.903,0.0,0.916
tik,563,0,4,137.047,264.668,57.9722,0.5544
tik,564,0,0,141.747,262.0125,51.6047,2.2316
tik,564,0,1,141.2835,263.478,152.9317,2.5975
tik,564,0,2,140.102,263.931,79.7311,0.2805
tik,564,0,3,140.3425,263.793,0.0,0.531
tik,564,0,4,140.6205,263.873,81.1217,0.1619
tik,564,0,5,141.2585,263.466,142.0967,1.5855
tik,564,0,6,140.952,261.8235,51.1112,2.969
tik,564,0,7,141.3765,260.668,0.0,2.713
tik,564,0,8,142.733,260.903,90.0,0.47
tik,565,0,0,145.866,263.4435,90.0,3.355
tik,565,0,1,144.58,263.2085,56.0824,4.6093
tik,565,0,2,144.345,261.296,0.0,2.102
tik,565,0,3,145.396,260.982,90.0,0.628
tik,565,0,4,145.631,260.668,0.0,0.47
tik,565,0,5,145.866,260.982,90.0,0.628
tik,565,0,6,146.109,261.296,0.0,0.486
tik,565,0,7,146.352,261.531,90.0,0.47
tik,565,0,8,146.109,261.766,0.0,0.486
tik,565,1,0,144.7915,261.766,0.0,1.209
tik,565,1,1,144.7855,262.644,55.7192,2.1252
tik,565,1,2,145.39,263.522,0.0,0.012
tik,565,1,3,145.396,262.644,90.0,1.756
tik,566,0,0,148.509,260.5985,4.3806,0.1966
tik,566,0,1,148.6965,260.628,13.8027,0.1843
tik,566,0,2,148.6965,262.8475,92.3323,4.3987
tik,566,0,3,148.509,265.053,175.3357,0.1967
tik,566,0,4,148.3125,265.053,4.6406,0.1977
tik,566,0,5,148.125,262.8475,87.6808,4.3986
tik,566,0,6,148.1255,260.628,166.1973,0.1843
tik,566,0,7,148.313,260.5985,175.6194,0.1966
tik,566,1,0,148.4795,264.584,174.1618,0.1377
tik,566,1,1,148.6105,264.5575,162.6715,0.1309
tik,566,1,2,148.6105,262.806,87.9333,3.4662
tik,566,1,3,148.4795,261.0675,5.4211,0.1376
tik,566,1,4,148.342,261.0675,174.6183,0.1386
tik,566,1,5,148.211,262.806,92.05,3.4662
tik,566,1,6,148.211,264.5575,17.4608,0.13
tik,566,1,7,148.342,264.584,5.7959,0.1387
tik,567,0,0,138.365,267.069,0.0,2.306
tik,567,0,1,139.518,267.304,90.0,0.47
tik,567,0,2,138.6395,267.539,0.0,1.757
tik,567,0,3,137.761,268.363,90.0,1.648
tik,567,0,4,138.6135,269.187,0.0,1.705
tik,567,0,5,139.466,269.422,90.0,0.47
tik,567,0,6,138.6135,269.657,0.0,1.705
tik,567,0,7,137.761,270.2455,90.0,1.177
tik,567,0,8,138.6395,270.834,0.0,1.757
tik,567,0,9,139.518,271.069,90.0,0.47
tik,567,0,10,138.365,271.304,0.0,2.306
tik,568,0,0,140.6905,271.305,0.0,0.549
tik,568,0,1,140.416,269.1875,90.0,4.235
tik,568,0,2,141.337,267.07,0.0,1.842
tik,568,0,3,142.258,267.305,90.0,0.47
tik,568,0,4,141.6115,267.54,0.0,1.293
tik,569,0,0,144.004,267.069,0.0,2.306
tik,569,0,1,145.157,267.304,90.0,0.47
tik,569,0,2,144.2785,267.539,0.0,1.757
tik,569,0,3,143.4,268.363,90.0,1.648
tik,569,0,4,144.2525,269.187,0.0,1.705
tik,569,0,5,145.105,269.422,90.0,0.47
tik,569,0,6,144.2525,269.657,0.0,1.705
tik,569,0,7,143.4,270.2455,90.0,1.177
tik,569,0,8,144.2785,270.834,0.0,1.757
tik,569,0,9,145.157,271.069,90.0,0.47
tik,569,0,10,144.004,271.304,0.0,2.306
tik,570,0,0,145.8735,271.305,0.0,0.579
tik,570,0,1,146.507,269.0805,112.5347,4.8168
tik,570,0,2,148.35,269.0805,67.5312,4.8145
tik,570,0,3,148.98,271.305,0.0,0.58
tik,570,0,4,148.06,269.7465,67.9898,3.362
tik,571,0,0,335.7235,437.775,0.0,1.011
tik,571,0,1,336.229,438.01,90.0,0.47
tik,571,0,2,334.9435,438.245,0.0,2.571
tik,571,0,3,333.658,438.01,90.0,0.47
tik,571,0,4,334.164,437.775,0.0,1.012
tik,571,0,5,334.67,435.8925,90.0,3.765
tik,571,0,6,334.944,434.01,0.0,0.548
tik,572,0,0,339.6695,434.56,113.9187,1.2012
tik,572,0,1,340.199,434.011,0.0,0.572
tik,572,0,2,339.4655,436.238,114.5978,4.8985
tik,572,0,3,337.4265,436.238,65.4022,4.8985
tik,572,0,4,336.693,434.011,0.0,0.572
tik,572,0,5,337.2225,434.56,66.0813,1.2012
tik,572,0,6,338.446,435.109,0.0,1.96
tik,572,1,0,338.446,435.579,0.0,1.518
tik,572,1,1,338.0665,436.4405,66.2258,1.8828
tik,572,1,2,338.8255,436.4405,113.7742,1.8828
tik,573,0,0,341.3835,434.011,0.0,0.549
tik,573,0,1,341.658,435.6065,90.0,3.191
tik,573,0,2,343.2265,435.519,132.9832,4.6012
tik,573,0,3,344.795,436.041,90.0,4.41
tik,573,0,4,344.5205,438.246,0.0,0.549
tik,573,0,5,344.246,436.7005,90.0,3.091
tik,573,0,6,342.6775,436.802,133.6014,4.5488
tik,574,0,0,346.352,437.345,90.0,1.8
tik,574,0,1,346.0775,438.245,0.0,0.549
tik,574,0,2,345.803,436.1275,90.0,4.235
tik,574,0,3,346.0775,434.01,0.0,0.549
tik,574,0,4,346.352,434.9135,90.0,1.807
tik,574,0,5,346.459,435.9175,43.2078,0.2936
tik,574,0,6,347.368,435.014,128.6182,2.57
tik,574,0,7,348.5285,434.01,0.0,0.717
tik,574,0,8,347.913,435.194,129.4419,3.0663
tik,574,0,9,347.896,437.312,44.3031,2.6745
tik,574,0,10,348.506,438.246,0.0,0.694
tik,575,0,0,331.7805,444.647,0.0,0.577
tik,575,0,1,332.3785,442.451,111.9835,4.7364
tik,575,0,2,333.868,441.8165,68.8852,3.3478
tik,575,0,3,335.075,441.8165,111.1465,3.3485
tik,575,0,4,336.5655,442.451,68.0165,4.7364
tik,575,0,5,337.163,444.647,0.0,0.578
tik,575,0,6,336.2765,443.1395,68.3789,3.2432
tik,575,0,7,335.0755,443.218,110.8322,3.3939
tik,575,0,8,333.8705,443.2515,68.8216,3.3299
tik,576,0,0,340.8145,440.96,113.9187,1.2012
tik,576,0,1,341.344,440.411,0.0,0.572
tik,576,0,2,340.6105,442.638,114.5978,4.8985
tik,576,0,3,338.5715,442.638,65.4022,4.8985
tik,576,0,4,337.838,440.411,0.0,0.572
tik,576,0,5,338.3675,440.96,66.0813,1.2012
tik,576,0,6,339.591,441.509,0.0,1.96
tik,576,1,0,339.591,441.979,0.0,1.518
tik,576,1,1,339.2115,442.8405,66.2258,1.8828
tik,576,1,2,339.9705,442.8405,113.7742,1.8828
tik,577,0,0,343.9355,444.176,0.0,1.011
tik,577,0,1,344.441,444.411,90.0,0.47
tik,577,0,2,343.1555,444.646,0.0,2.571
tik,577,0,3,341.87,444.411,90.0,0.47
tik,577,0,4,342.376,444.176,0.0,1.012
tik,577,0,5,342.882,442.2935,90.0,3.765
tik,577,0,6,343.156,440.411,0.0,0.548
tik,578,0,0,346.242,440.412,0.0,2.306
tik,578,0,1,347.395,440.647,90.0,0.47
tik,578,0,2,346.5165,440.882,0.0,1.757
tik,578,0,3,345.638,441.706,90.0,1.648
tik,578,0,4,346.4905,442.53,0.0,1.705
tik,578,0,5,347.343,442.765,90.0,0.47
tik,578,0,6,346.4905,443.0,0.0,1.705
tik,578,0,7,345.638,443.5885,90.0,1.177
tik,578,0,8,346.5165,444.177,0.0,1.757
tik,578,0,9,347.395,444.412,90.0,0.47
tik,578,0,10,346.242,444.647,0.0,2.306
tik,579,0,0,349.7475,442.294,12.6388,0.2285
tik,579,0,1,349.4085,443.4825,111.1662,2.4953
tik,579,0,2,348.6255,444.646,0.0,0.665
tik,579,0,3,348.293,442.5285,90.0,4.235
tik,579,0,4,348.5675,440.411,0.0,0.549
tik,579,0,5,348.842,441.313,90.0,1.804
tik,579,0,6,348.955,442.215,0.0,0.226
tik,579,0,7,349.7045,441.313,125.2084,2.2079
tik,579,0,8,350.6545,440.411,0.0,0.627
tik,579,0,9,350.302,441.34,125.6367,2.2861
tik,579,1,0,348.9145,444.176,0.0,0.145
tik,579,1,1,349.0015,443.431,91.1147,1.4903
tik,579,1,2,348.929,442.686,0.0,0.174
tik,579,1,3,348.842,443.431,90.0,1.49
tik,580,0,0,328.3105,354.34,0.0,1.011
tik,580,0,1,328.816,354.575,90.0,0.47
tik,580,0,2,327.5305,354.81,0.0,2.571
tik,580,0,3,326.245,354.575,90.0,0.47
tik,580,0,4,326.751,354.34,0.0,1.012
tik,580,0,5,327.257,352.4575,90.0,3.765
tik,580,0,6,327.531,350.575,0.0,0.548
tik,581,0,0,332.2565,351.124,113.9187,1.2012
tik,581,0,1,332.786,350.575,0.0,0.572
tik,581,0,2,332.0525,352.802,114.5978,4.8985
tik,581,0,3,330.0135,352.802,65.4022,4.8985
tik,581,0,4,329.28,350.575,0.0,0.572
tik,581,0,5,329.8095,351.124,66.0813,1.2012
tik,581,0,6,331.033,351.673,0.0,1.96
tik,581,1,0,331.033,352.143,0.0,1.518
tik,581,1,1,330.6535,353.0045,66.2258,1.8828
tik,581,1,2,331.4125,353.0045,113.7742,1.8828
tik,582,0,0,333.9705,350.575,0.0,0.549
tik,582,0,1,334.245,352.171,90.0,3.192
tik,582,0,2,335.8135,352.0835,132.9746,4.6019
tik,582,0,3,337.382,352.605,90.0,4.41
tik,582,0,4,337.1075,354.81,0.0,0.549
tik,582,0,5,336.833,353.2645,90.0,3.091
tik,582,0,6,335.2645,353.366,133.6014,4.5488
tik,583,0,0,338.939,353.91,90.0,1.8
tik,583,0,1,338.6645,354.81,0.0,0.549
tik,583,0,2,338.39,352.6925,90.0,4.235
tik,583,0,3,338.6645,350.575,0.0,0.549
tik,583,0,4,338.939,351.4785,90.0,1.807
tik,583,0,5,339.046,352.4825,43.2078,0.2936
tik,583,0,6,339.955,351.579,128.6182,2.57
tik,583,0,7,341.1155,350.575,0.0,0.717
tik,583,0,8,340.5,351.759,129.4419,3.0663
tik,583,0,9,340.4835,353.8765,44.2728,2.6745
tik,583,0,10,341.0935,354.81,0.0,0.695
tik,584,0,0,324.3675,361.211,0.0,0.577
tik,584,0,1,324.9655,359.0145,111.9789,4.7373
tik,584,0,2,326.455,358.38,68.8914,3.3487
tik,584,0,3,327.662,358.38,111.1403,3.3494
tik,584,0,4,329.1525,359.0145,68.0211,4.7373
tik,584,0,5,329.75,361.211,0.0,0.578
tik,584,0,6,328.8635,359.7035,68.3789,3.2432
tik,584,0,7,327.6625,359.782,110.8322,3.3939
tik,584,0,8,326.4575,359.8155,68.8216,3.3299
tik,585,0,0,333.4015,357.524,113.9187,1.2012
tik,585,0,1,333.931,356.975,0.0,0.572
tik,585,0,2,333.1975,359.202,114.5978,4.8985
tik,585,0,3,331.1585,359.202,65.4022,4.8985
tik,585,0,4,330.425,356.975,0.0,0.572
tik,585,0,5,330.9545,357.524,66.0813,1.2012
tik,585,0,6,332.178,358.073,0.0,1.96
tik,585,1,0,332.178,358.543,0.0,1.518
tik,585,1,1,331.7985,359.4045,66.2258,1.8828
tik,585,1,2,332.5575,359.4045,113.7742,1.8828
tik,586,0,0,336.5225,360.74,0.0,1.011
tik,586,0,1,337.028,360.975,90.0,0.47
tik,586,0,2,335.7425,361.21,0.0,2.571
tik,586,0,3,334.457,360.975,90.0,0.47
tik,586,0,4,334.963,360.74,0.0,1.012
tik,586,0,5,335.469,358.8575,90.0,3.765
tik,586,0,6,335.743,356.975,0.0,0.548
tik,587,0,0,338.83,356.976,0.0,2.306
tik,587,0,1,339.983,357.211,90.0,0.47
tik,587,0,2,339.1045,357.446,0.0,1.757
tik,587,0,3,338.226,358.27,90.0,1.648
tik,587,0,4,339.0785,359.094,0.0,1.705
tik,587,0,5,339.931,359.329,90.0,0.47
tik,587,0,6,339.0785,359.564,0.0,1.705
tik,587,0,7,338.226,360.1525,90.0,1.177
tik,587,0,8,339.1045,360.741,0.0,1.757
tik,587,0,9,339.983,360.976,90.0,0.47
tik,587,0,10,338.83,361.211,0.0,2.306
tik,588,0,0,342.3345,358.858,12.6388,0.2285
tik,588,0,1,341.9955,360.0465,111.1662,2.4953
tik,588,0,2,341.2125,361.21,0.0,0.665
tik,588,0,3,340.88,359.0925,90.0,4.235
tik,588,0,4,341.1545,356.975,0.0,0.549
tik,588,0,5,341.429,357.877,90.0,1.804
tik,588,0,6,341.5425,358.779,0.0,0.227
tik,588,0,7,342.292,357.877,125.1871,2.2073
tik,588,0,8,343.2415,356.975,0.0,0.627
tik,588,0,9,342.889,357.904,125.6367,2.2861
tik,588,1,0,341.5015,360.74,0.0,0.145
tik,588,1,1,341.5885,359.995,91.1147,1.4903
tik,588,1,2,341.516,359.25,0.0,0.174
tik,588,1,3,341.429,359.995,90.0,1.49
tik,589,0,0,35.446,389.4425,90.0,3.765
tik,589,0,1,35.681,387.56,0.0,0.47
tik,589,0,2,35.916,389.6775,90.0,4.235
tik,589,0,3,35.458,391.795,0.0,0.916
tik,589,0,4,34.853,391.56,57.9726,0.5544
tik,590,0,0,39.553,388.9045,51.6047,2.2316
tik,590,0,1,39.0895,390.37,152.9317,2.5975
tik,590,0,2,37.908,390.823,79.7311,0.2805
tik,590,0,3,38.1485,390.685,0.0,0.531
tik,590,0,4,38.4265,390.765,81.1203,0.1619
tik,590,0,5,39.0645,390.3585,142.1249,1.5849
tik,590,0,6,38.758,388.716,51.1232,2.9698
tik,590,0,7,39.1825,387.56,0.0,2.713
tik,590,0,8,40.539,387.795,90.0,0.47
tik,591,0,0,43.078,388.9045,51.6047,2.2316
tik,591,0,1,42.6145,390.37,152.9317,2.5975
tik,591,0,2,41.433,390.823,79.7311,0.2805
tik,591,0,3,41.6735,390.685,0.0,0.531
tik,591,0,4,41.9515,390.765,81.1203,0.1619
tik,591,0,5,42.5895,390.3585,142.1249,1.5849
tik,591,0,6,42.283,388.716,51.1232,2.9698
tik,591,0,7,42.7075,387.56,0.0,2.713
tik,591,0,8,44.064,387.795,90.0,0.47
tik,592,0,0,45.9425,389.5485,58.2694,4.1774
tik,592,0,1,45.0495,387.627,144.7925,0.503
tik,592,0,2,46.579,389.6385,58.4519,5.061
tik,592,0,3,46.3735,391.795,0.0,3.059
tik,592,0,4,44.844,391.56,90.0,0.47
tik,593,0,0,36.289,393.961,0.0,2.306
tik,593,0,1,37.442,394.196,90.0,0.47
tik,593,0,2,36.5635,394.431,0.0,1.757
tik,593,0,3,35.685,395.255,90.0,1.648
tik,593,0,4,36.5375,396.079,0.0,1.705
tik,593,0,5,37.39,396.314,90.0,0.47
tik,593,0,6,36.5375,396.549,0.0,1.705
tik,593,0,7,35.685,397.1375,90.0,1.177
tik,593,0,8,36.5635,397.726,0.0,1.757
tik,593,0,9,37.442,397.961,90.0,0.47
tik,593,0,10,36.289,398.196,0.0,2.306
tik,594,0,0,38.6135,398.196,0.0,0.549
tik,594,0,1,38.339,396.0785,90.0,4.235
tik,594,0,2,39.26,393.961,0.0,1.842
tik,594,0,3,40.181,394.196,90.0,0.47
tik,594,0,4,39.5345,394.431,0.0,1.293
tik,595,0,0,41.927,393.961,0.0,2.306
tik,595,0,1,43.08,394.196,90.0,0.47
tik,595,0,2,42.2015,394.431,0.0,1.757
tik,595,0,3,41.323,395.255,90.0,1.648
tik,595,0,4,42.1755,396.079,0.0,1.705
tik,595,0,5,43.028,396.314,90.0,0.47
tik,595,0,6,42.1755,396.549,0.0,1.705
tik,595,0,7,41.323,397.1375,90.0,1.177
tik,595,0,8,42.2015,397.726,0.0,1.757
tik,595,0,9,43.08,397.961,90.0,0.47
tik,595,0,10,41.927,398.196,0.0,2.306
tik,596,0,0,43.7965,398.196,0.0,0.579
tik,596,0,1,44.43,395.9715,112.5347,4.8168
tik,596,0,2,46.273,395.9715,67.5312,4.8145
tik,596,0,3,46.903,398.196,0.0,0.58
tik,596,0,4,45.983,396.6375,67.9897,3.362
tik,597,0,0,285.314,459.7045,90.0,3.765
tik,597,0,1,285.549,457.822,0.0,0.47
tik,597,0,2,285.784,459.9395,90.0,4.235
tik,597,0,3,285.326,462.057,0.0,0.916
tik,597,0,4,284.721,461.822,57.9749,0.5544
tik,598,0,0,289.421,459.1665,51.605,2.2316
tik,598,0,1,288.9575,460.632,152.9316,2.5975
tik,598,0,2,287.776,461.085,79.7342,0.2805
tik,598,0,3,288.0165,460.947,0.0,0.531
tik,598,0,4,288.2945,461.027,81.111,0.1619
tik,598,0,5,288.9325,460.6205,142.1243,1.5848
tik,598,0,6,288.626,458.978,51.1235,2.9698
tik,598,0,7,289.0505,457.822,0.0,2.713
tik,598,0,8,290.407,458.057,90.0,0.47
tik,599,0,0,292.339,461.228,53.7484,2.4454
tik,599,0,1,291.534,460.114,57.3596,0.304
tik,599,0,2,292.009,458.865,116.4214,2.5035
tik,599,0,3,292.706,457.758,5.7106,0.2814
tik,599,0,4,292.9755,457.812,17.1651,0.2711
tik,599,0,5,292.9225,459.17,97.8833,2.6612
tik,599,0,6,292.6305,460.4745,7.0307,0.2207
tik,599,0,7,292.4225,460.4245,20.3301,0.2101
tik,599,0,8,292.318,460.3935,137.4698,0.0163
tik,599,0,9,292.8785,461.1915,54.442,1.9483
tik,599,0,10,293.2535,462.099,149.0144,0.4467
tik,599,1,0,292.471,458.223,174.2233,0.1789
tik,599,1,1,292.298,458.2585,162.4926,0.1762
tik,599,1,2,292.301,459.142,84.204,1.7228
tik,599,1,3,292.474,460.0085,6.3028,0.173
tik,599,1,4,292.644,460.009,173.8827,0.169
tik,599,1,5,292.8145,459.1415,95.7537,1.7257
tik,599,1,6,292.8175,458.2575,16.9812,0.1746
tik,599,1,7,292.647,458.223,5.9075,0.1749
tik,600,0,0,296.183,457.7515,4.3759,0.1966
tik,600,0,1,296.3705,457.781,13.8131,0.1843
tik,600,0,2,296.371,460.001,92.3188,4.3996
tik,600,0,3,296.1835,462.2065,175.6458,0.1976
tik,600,0,4,295.9865,462.2065,4.3542,0.1976
tik,600,0,5,295.799,460.001,87.6812,4.3996
tik,600,0,6,295.7995,457.781,166.1869,0.1843
tik,600,0,7,295.987,457.7515,175.6241,0.1966
tik,600,1,0,296.1535,461.737,174.1618,0.1377
tik,600,1,1,296.2845,461.7105,162.6778,0.1309
tik,600,1,2,296.2845,459.959,87.9334,3.4663
tik,600,1,3,296.1535,458.2205,5.4211,0.1376
tik,600,1,4,296.016,458.2205,174.6183,0.1386
tik,600,1,5,295.885,459.959,92.05,3.4662
tik,600,1,6,295.885,461.7105,17.4543,0.13
tik,600,1,7,296.016,461.737,5.7959,0.1387
tik,601,0,0,286.039,464.223,0.0,2.306
tik,601,0,1,287.192,464.458,90.0,0.47
tik,601,0,2,286.3135,464.693,0.0,1.757
tik,601,0,3,285.435,465.517,90.0,1.648
tik,601,0,4,286.2875,466.341,0.0,1.705
tik,601,0,5,287.14,466.576,90.0,0.47
tik,601,0,6,286.2875,466.811,0.0,1.705
tik,601,0,7,285.435,467.3995,90.0,1.177
tik,601,0,8,286.3135,467.988,0.0,1.757
tik,601,0,9,287.192,468.223,90.0,0.47
tik,601,0,10,286.039,468.458,0.0,2.306
tik,602,0,0,288.3645,468.458,0.0,0.549
tik,602,0,1,288.09,466.3405,90.0,4.235
tik,602,0,2,289.011,464.223,0.0,1.842
tik,602,0,3,289.932,464.458,90.0,0.47
tik,602,0,4,289.2855,464.693,0.0,1.293
tik,603,0,0,291.678,464.223,0.0,2.306
tik,603,0,1,292.831,464.458,90.0,0.47
tik,603,0,2,291.9525,464.693,0.0,1.757
tik,603,0,3,291.074,465.517,90.0,1.648
tik,603,0,4,291.9265,466.341,0.0,1.705
tik,603,0,5,292.779,466.576,90.0,0.47
tik,603,0,6,291.9265,466.811,0.0,1.705
tik,603,0,7,291.074,467.3995,90.0,1.177
tik,603,0,8,291.9525,467.988,0.0,1.757
tik,603,0,9,292.831,468.223,90.0,0.47
tik,603,0,10,291.678,468.458,0.0,2.306
tik,604,0,0,293.5475,468.458,0.0,0.579
tik,604,0,1,294.181,466.2335,112.5348,4.8168
tik,604,0,2,296.024,466.2335,67.5312,4.8145
tik,604,0,3,296.654,468.458,0.0,0.58
tik,604,0,4,295.734,466.8995,67.9896,3.362
tik,605,0,0,280.982,183.4385,90.0,3.765
tik,605,0,1,281.217,181.556,0.0,0.47
tik,605,0,2,281.452,183.6735,90.0,4.235
tik,605,0,3,280.994,185.791,0.0,0.916
tik,605,0,4,280.389,185.556,57.9749,0.5544
tik,606,0,0,285.089,182.9005,51.605,2.2316
tik,606,0,1,284.6255,184.366,152.9316,2.5975
tik,606,0,2,283.444,184.819,79.7342,0.2805
tik,606,0,3,283.6845,184.681,0.0,0.531
tik,606,0,4,283.9625,184.761,81.111,0.1619
tik,606,0,5,284.6005,184.3545,142.1247,1.5848
tik,606,0,6,284.294,182.712,51.1236,2.9698
tik,606,0,7,284.7185,181.556,0.0,2.713
tik,606,0,8,286.075,181.791,90.0,0.47
tik,607,0,0,287.9535,183.5445,58.2696,4.1774
tik,607,0,1,287.0605,181.623,144.7941,0.503
tik,607,0,2,288.59,183.6345,58.4517,5.061
tik,607,0,3,288.3845,185.791,0.0,3.059
tik,607,0,4,286.855,185.556,90.0,0.47
tik,608,0,0,291.532,184.962,53.7482,2.4453
tik,608,0,1,290.727,183.848,57.3612,0.304
tik,608,0,2,291.202,182.599,116.4214,2.5035
tik,608,0,3,291.899,181.492,5.7137,0.2814
tik,608,0,4,292.1685,181.546,17.162,0.2711
tik,608,0,5,292.1155,182.904,97.8833,2.6611
tik,608,0,6,291.8235,184.2085,7.0228,0.2206
tik,608,0,7,291.6155,184.158,20.5872,0.2105
tik,608,0,8,291.511,184.127,135.0,0.017
tik,608,0,9,292.0715,184.925,54.4251,1.9475
tik,608,0,10,292.4465,185.8325,148.9055,0.4473
tik,608,1,0,291.664,181.957,174.2233,0.1789
tik,608,1,1,291.491,181.993,162.1855,0.1765
tik,608,1,2,291.494,182.876,84.1973,1.7208
tik,608,1,3,291.667,183.742,6.629,0.1732
tik,608,1,4,291.837,183.743,173.8929,0.169
tik,608,1,5,292.0075,182.8755,95.7536,1.7257
tik,608,1,6,292.0105,181.9915,16.9812,0.1746
tik,608,1,7,291.84,181.957,5.9075,0.1749
tik,609,0,0,281.668,187.957,0.0,2.306
tik,609,0,1,282.821,188.192,90.0,0.47
tik,609,0,2,281.9425,188.427,0.0,1.757
tik,609,0,3,281.064,189.251,90.0,1.648
tik,609,0,4,281.9165,190.075,0.0,1.705
tik,609,0,5,282.769,190.31,90.0,0.47
tik,609,0,6,281.9165,190.545,0.0,1.705
tik,609,0,7,281.064,191.1335,90.0,1.177
tik,609,0,8,281.9425,191.722,0.0,1.757
tik,609,0,9,282.821,191.957,90.0,0.47
tik,609,0,10,281.668,192.192,0.0,2.306
tik,610,0,0,283.9935,192.192,0.0,0.549
tik,610,0,1,283.719,190.0745,90.0,4.235
tik,610,0,2,284.64,187.957,0.0,1.842
tik,610,0,3,285.561,188.192,90.0,0.47
tik,610,0,4,284.9145,188.427,0.0,1.293
tik,611,0,0,287.307,187.957,0.0,2.306
tik,611,0,1,288.46,188.192,90.0,0.47
tik,611,0,2,287.5815,188.427,0.0,1.757
tik,611,0,3,286.703,189.251,90.0,1.648
tik,611,0,4,287.5555,190.075,0.0,1.705
tik,611,0,5,288.408,190.31,90.0,0.47
tik,611,0,6,287.5555,190.545,0.0,1.705
tik,611,0,7,286.703,191.1335,90.0,1.177
tik,611,0,8,287.5815,191.722,0.0,1.757
tik,611,0,9,288.46,191.957,90.0,0.47
tik,611,0,10,287.307,192.192,0.0,2.306
tik,612,0,0,289.1765,192.192,0.0,0.579
tik,612,0,1,289.81,189.9675,112.5348,4.8168
tik,612,0,2,291.653,189.9675,67.5312,4.8145
tik,612,0,3,292.283,192.192,0.0,0.58
tik,612,0,4,291.363,190.6335,67.9896,3.362
tik,613,0,0,290.552,66.939,90.0,1.726
tik,613,0,1,290.2775,67.802,0.0,0.549
tik,613,0,2,290.003,65.6845,90.0,4.235
tik,613,0,3,290.2775,63.567,0.0,0.549
tik,613,0,4,290.552,64.5865,90.0,2.039
tik,613,0,5,291.5325,65.606,0.0,1.961
tik,613,0,6,292.513,64.5865,90.0,2.039
tik,613,0,7,292.7875,63.567,0.0,0.549
tik,613,0,8,293.062,65.6845,90.0,4.235
tik,613,0,9,292.7875,67.802,0.0,0.549
tik,613,0,10,292.513,66.939,90.0,1.726
tik,614,0,0,296.8675,64.116,113.9184,1.2012
tik,614,0,1,297.397,63.567,0.0,0.572
tik,614,0,2,296.6635,65.794,114.5977,4.8986
tik,614,0,3,294.6245,65.794,65.4023,4.8986
tik,614,0,4,293.891,63.567,0.0,0.572
tik,614,0,5,294.4205,64.116,66.0816,1.2012
tik,614,0,6,295.644,64.665,0.0,1.96
tik,614,1,0,295.644,65.1349,0.0,1.518
tik,614,1,1,295.2645,65.9965,66.2262,1.8828
tik,614,1,2,296.0235,65.9965,113.7738,1.8828
tik,615,0,0,299.959,65.9195,59.8831,4.3526
tik,615,0,1,299.676,67.802,0.0,2.75
tik,615,0,2,298.301,67.567,90.0,0.47
tik,615,0,3,299.2385,67.332,0.0,1.875
tik,615,0,4,299.084,65.4495,59.8827,4.3525
tik,615,0,5,299.522,63.567,0.0,3.06
tik,615,0,6,301.052,63.802,90.0,0.47
tik,616,0,0,306.5725,67.742,153.7059,0.28
tik,616,0,1,306.442,65.729,89.8622,4.15
tik,616,0,2,306.5675,63.716,25.4176,0.289
tik,616,0,3,306.698,64.0925,90.0,0.629
tik,616,0,4,306.572,64.311,37.3048,0.3168
tik,616,0,5,306.448,65.7305,89.9239,3.031
tik,616,0,6,306.574,67.1545,143.5772,0.3082
tik,617,0,0,310.3625,64.116,113.9184,1.2012
tik,617,0,1,310.892,63.567,0.0,0.572
tik,617,0,2,310.1585,65.794,114.5977,4.8986
tik,617,0,3,308.1195,65.794,65.4023,4.8986
tik,617,0,4,307.386,63.567,0.0,0.572
tik,617,0,5,307.9155,64.116,66.0816,1.2012
tik,617,0,6,309.139,64.665,0.0,1.96
tik,617,1,0,309.139,65.1349,0.0,1.518
tik,617,1,1,308.7595,65.9965,66.2262,1.8828
tik,617,1,2,309.5185,65.9965,113.7738,1.8828
tik,618,0,0,313.2565,65.45,12.635,0.2285
tik,618,0,1,312.9175,66.6385,111.1659,2.4954
tik,618,0,2,312.1345,67.802,0.0,0.665
tik,618,0,3,311.802,65.6845,90.0,4.235
tik,618,0,4,312.0765,63.567,0.0,0.549
tik,618,0,5,312.351,64.469,90.0,1.804
tik,618,0,6,312.464,65.371,0.0,0.226
tik,618,0,7,313.2135,64.469,125.2091,2.2079
tik,618,0,8,314.1635,63.567,0.0,0.627
tik,618,0,9,313.811,64.496,125.6372,2.2861
tik,618,1,0,312.4235,67.332,0.0,0.145
tik,618,1,1,312.5105,66.587,91.1147,1.4903
tik,618,1,2,312.438,65.842,0.0,0.174
tik,618,1,3,312.351,66.587,90.0,1.49
tik,619,0,0,317.347,65.4485,90.0,0.471
tik,619,0,1,317.885,65.213,0.0,1.076
tik,619,0,2,318.4035,65.087,81.2028,0.255
tik,619,0,3,318.338,64.8435,68.6232,0.2523
tik,619,0,4,316.8675,65.1995,161.6129,3.0023
tik,619,0,5,315.447,65.766,87.5382,0.1861
tik,619,0,6,315.4635,65.949,82.0944,0.1817
tik,619,0,7,316.815,66.548,20.8136,2.865
tik,619,0,8,318.223,66.9865,134.3858,0.1973
tik,619,0,9,318.352,66.837,127.2118,0.1984
tik,619,0,10,318.5865,66.945,46.9823,0.5116
tik,619,0,11,318.6815,67.2265,130.0684,0.247
tik,619,0,12,318.5125,67.404,137.1683,0.2441
tik,619,0,13,316.7065,66.2565,35.6356,4.224
tik,619,0,14,315.0265,64.9275,110.3359,0.2101
tik,619,0,15,315.108,64.7345,115.4594,0.2094
tik,619,0,16,317.058,64.974,9.9449,3.8681
tik,619,0,17,318.9675,65.4145,87.5792,0.2131
tik,619,0,18,318.972,65.603,90.0,0.164
tik,620,0,0,321.604,67.953,3.0726,0.2243
tik,620,0,1,321.382,67.9305,8.5203,0.2225
tik,620,0,2,321.381,65.707,92.8273,4.4194
tik,620,0,3,321.603,63.4945,177.2171,0.2263
tik,620,0,4,321.829,63.4945,2.7829,0.2263
tik,620,0,5,322.051,65.707,87.1727,4.4194
tik,620,0,6,322.05,67.9305,171.4797,0.2225
tik,620,0,7,321.828,67.953,176.9274,0.2243
tik,620,1,0,321.631,63.963,177.3074,0.1702
tik,620,1,1,321.4635,63.9805,170.7131,0.1672
tik,620,1,2,321.457,65.7365,87.503,3.4884
tik,620,1,3,321.6245,67.484,3.1306,0.1833
tik,620,1,4,321.807,67.484,176.8521,0.1823
tik,620,1,5,321.974,65.7365,92.4975,3.4884
tik,620,1,6,321.9675,63.9805,9.2852,0.1672
tik,620,1,7,321.8005,63.963,2.7086,0.1692
tik,621,0,0,328.0795,65.45,12.635,0.2285
tik,621,0,1,327.7405,66.6385,111.1659,2.4954
tik,621,0,2,326.9575,67.802,0.0,0.665
tik,621,0,3,326.625,65.6845,90.0,4.235
tik,621,0,4,326.8995,63.567,0.0,0.549
tik,621,0,5,327.174,64.469,90.0,1.804
tik,621,0,6,327.287,65.371,0.0,0.226
tik,621,0,7,328.0365,64.469,125.2091,2.2079
tik,621,0,8,328.9865,63.567,0.0,0.627
tik,621,0,9,328.634,64.496,125.6372,2.2861
tik,621,1,0,327.2465,67.332,0.0,0.145
tik,621,1,1,327.3335,66.587,91.1147,1.4903
tik,621,1,2,327.261,65.842,0.0,0.174
tik,621,1,3,327.174,66.587,90.0,1.49
tik,622,0,0,332.7435,64.116,113.9184,1.2012
tik,622,0,1,333.273,63.567,0.0,0.572
tik,622,0,2,332.5395,65.794,114.5977,4.8986
tik,622,0,3,330.5005,65.794,65.4023,4.8986
tik,622,0,4,329.767,63.567,0.0,0.572
tik,622,0,5,330.2965,64.116,66.0816,1.2012
tik,622,0,6,331.52,64.665,0.0,1.96
tik,622,1,0,331.52,65.1349,0.0,1.518
tik,622,1,1,331.1405,65.9965,66.2262,1.8828
tik,622,1,2,331.8995,65.9965,113.7738,1.8828
tik,623,0,0,336.835,64.959,66.5385,3.205
tik,623,0,1,337.4785,66.429,0.0,0.011
tik,623,0,2,337.733,64.998,99.8712,2.905
tik,623,0,3,338.2555,63.567,0.0,0.547
tik,623,0,4,338.094,65.8055,100.997,4.5607
tik,623,0,5,336.928,66.3665,66.4538,3.6597
tik,623,0,6,335.4655,66.3665,113.5607,3.6601
tik,623,0,7,334.299,65.8055,79.003,4.5607
tik,623,0,8,334.138,63.567,0.0,0.548
tik,623,0,9,334.6605,64.992,80.1076,2.893
tik,623,0,10,334.915,66.417,0.0,0.012
tik,624,0,0,339.9555,65.37,0.0,0.313
tik,624,0,1,339.996,66.5855,95.4513,2.4421
tik,624,0,2,339.565,67.801,0.0,0.63
tik,624,0,3,339.25,65.6835,90.0,4.235
tik,624,0,4,339.5245,63.566,0.0,0.549
tik,624,0,5,339.799,64.468,90.0,1.804
tik,624,1,0,339.8715,67.331,0.0,0.145
tik,624,1,1,339.9585,66.586,91.1159,1.4903
tik,624,1,2,339.886,65.841,0.0,0.174
tik,624,1,3,339.799,66.586,90.0,1.49
tik,625,0,0,288.366,71.36,66.5385,3.205
tik,625,0,1,289.0095,72.83,0.0,0.011
tik,625,0,2,289.264,71.399,99.8712,2.905
tik,625,0,3,289.7865,69.968,0.0,0.547
tik,625,0,4,289.625,72.2065,100.997,4.5607
tik,625,0,5,288.459,72.7675,66.4538,3.6597
tik,625,0,6,286.9965,72.7675,113.5607,3.6601
tik,625,0,7,285.83,72.2065,79.003,4.5607
tik,625,0,8,285.669,69.968,0.0,0.548
tik,625,0,9,286.1915,71.393,80.1076,2.893
tik,625,0,10,286.446,72.818,0.0,0.012
tik,626,0,0,290.703,72.8645,90.0,2.677
tik,626,0,1,292.272,71.526,0.0,3.138
tik,626,0,2,293.841,72.8645,90.0,2.677
tik,626,0,3,293.5665,74.203,0.0,0.549
tik,626,0,4,293.292,72.9555,90.0,2.495
tik,626,0,5,292.272,71.708,0.0,2.04
tik,626,0,6,291.252,72.9555,90.0,2.495
tik,627,0,0,295.0945,69.968,0.0,0.549
tik,627,0,1,295.369,71.564,90.0,3.192
tik,627,0,2,296.9375,71.4765,132.9746,4.6019
tik,627,0,3,298.506,71.998,90.0,4.41
tik,627,0,4,298.2315,74.203,0.0,0.549
tik,627,0,5,297.957,72.6575,90.0,3.091
tik,627,0,6,296.3885,72.759,133.6014,4.5488
tik,628,0,0,299.7897,74.203,0.0,0.5494
tik,628,0,1,300.0644,72.0855,90.0,4.235
tik,628,0,2,299.7897,69.968,0.0,0.5494
tik,628,0,3,299.515,72.0855,90.0,4.235
tik,629,0,0,302.7675,73.732,0.0,1.011
tik,629,0,1,303.273,73.967,90.0,0.47
tik,629,0,2,301.9875,74.202,0.0,2.571
tik,629,0,3,300.702,73.967,90.0,0.47
tik,629,0,4,301.208,73.732,0.0,1.012
tik,629,0,5,301.714,71.8495,90.0,3.765
tik,629,0,6,301.988,69.967,0.0,0.548
tik,630,0,0,304.1957,74.203,0.0,0.5495
tik,630,0,1,304.4705,72.0855,90.0,4.235
tik,630,0,2,304.1957,69.968,0.0,0.5495
tik,630,0,3,303.921,72.0855,90.0,4.235
tik,631,0,0,307.302,74.354,3.0726,0.2243
tik,631,0,1,307.08,74.3315,8.5203,0.2225
tik,631,0,2,307.079,72.1075,92.8266,4.4204
tik,631,0,3,307.301,69.895,177.4796,0.2262
tik,631,0,4,307.527,69.895,2.5204,0.2262
tik,631,0,5,307.7485,72.1075,87.1864,4.4204
tik,631,0,6,307.7475,74.3315,171.4411,0.2215
tik,631,0,7,307.526,74.354,176.9274,0.2243
tik,631,1,0,307.329,70.364,177.3074,0.1702
tik,631,1,1,307.1615,70.3815,170.7131,0.1672
tik,631,1,2,307.155,72.1375,87.503,3.4884
tik,631,1,3,307.3225,73.885,3.1306,0.1833
tik,631,1,4,307.5055,73.885,176.8694,0.1833
tik,631,1,5,307.673,72.1375,92.497,3.4884
tik,631,1,6,307.666,70.3815,9.2316,0.1682
tik,631,1,7,307.4985,70.364,2.7086,0.1692
tik,632,0,0,310.7045,69.968,0.0,0.549
tik,632,0,1,310.979,71.564,90.0,3.192
tik,632,0,2,312.5475,71.4765,132.9746,4.6019
tik,632,0,3,314.116,71.998,90.0,4.41
tik,632,0,4,313.8415,74.203,0.0,0.549
tik,632,0,5,313.567,72.6575,90.0,3.091
tik,632,0,6,311.9985,72.759,133.6014,4.5488
tik,633,0,0,317.4455,73.81,124.3274,0.172
tik,633,0,1,317.3415,73.9435,131.611,0.1672
tik,633,0,2,316.4995,73.1745,46.5936,2.2891
tik,633,0,3,315.799,72.296,151.344,0.196
tik,633,0,4,315.975,72.207,154.99,0.1986
tik,633,0,5,315.804,71.5105,68.2592,1.4093
tik,633,0,6,315.519,70.935,106.898,0.1652
tik,633,0,7,315.488,71.1005,94.6298,0.1735
tik,633,0,8,315.2065,71.1295,11.8296,0.5609
tik,633,0,9,314.9595,70.946,102.3163,0.258
tik,633,0,10,315.034,70.706,112.4071,0.2466
tik,633,0,11,316.2675,71.237,28.5289,2.7009
tik,633,0,12,317.3895,71.9655,127.6853,0.211
tik,633,0,13,317.246,72.1215,137.451,0.2145
tik,633,0,14,317.0765,72.2565,145.3707,0.22
tik,633,0,15,316.357,72.681,150.0788,1.4515
tik,633,0,16,315.7075,73.0965,110.974,0.1146
tik,633,0,17,315.68,73.21,96.6583,0.1208
tik,633,0,18,316.135,73.5665,32.6918,1.0979
tik,633,0,19,316.688,73.8245,157.0616,0.1976
tik,633,0,20,316.8545,73.722,139.7149,0.1979
tik,633,0,21,316.9935,73.5685,125.3497,0.2195
tik,634,0,0,322.389,73.967,90.0,0.47
tik,634,0,1,321.349,74.202,0.0,2.08
tik,634,0,2,320.309,72.0845,90.0,4.235
tik,634,0,3,320.584,69.967,0.0,0.55
tik,634,0,4,320.859,71.026,90.0,2.118
tik,634,0,5,321.5985,72.085,0.0,1.479
tik,634,0,6,322.338,72.32,90.0,0.47
tik,634,0,7,321.5985,72.555,0.0,1.479
tik,634,0,8,320.859,73.1435,90.0,1.177
tik,635,0,0,326.0395,70.516,113.9184,1.2012
tik,635,0,1,326.569,69.967,0.0,0.572
tik,635,0,2,325.8355,72.194,114.5977,4.8986
tik,635,0,3,323.7965,72.194,65.4023,4.8986
tik,635,0,4,323.063,69.967,0.0,0.572
tik,635,0,5,323.5925,70.516,66.0816,1.2012
tik,635,0,6,324.816,71.065,0.0,1.96
tik,635,1,0,324.816,71.535,0.0,1.518
tik,635,1,1,324.4365,72.3965,66.2262,1.8828
tik,635,1,2,325.1955,72.3965,113.7738,1.8828
tik,636,0,0,330.4735,74.143,153.7059,0.28
tik,636,0,1,330.343,72.13,89.8622,4.15
tik,636,0,2,330.4685,70.117,25.4176,0.289
tik,636,0,3,330.599,70.4935,90.0,0.629
tik,636,0,4,330.4725,70.712,37.198,0.3176
tik,636,0,5,330.3485,72.1315,89.9054,3.031
tik,636,0,6,330.475,73.5555,143.5772,0.3082
tik,637,0,0,331.7467,74.203,0.0,0.5495
tik,637,0,1,332.0215,72.0855,90.0,4.235
tik,637,0,2,331.7467,69.968,0.0,0.5495
tik,637,0,3,331.472,72.0855,90.0,4.235
tik,638,0,0,333.3175,74.203,0.0,0.549
tik,638,0,1,333.043,72.0855,90.0,4.235
tik,638,0,2,333.964,69.968,0.0,1.842
tik,638,0,3,334.885,70.203,90.0,0.47
tik,638,0,4,334.2385,70.438,0.0,1.293
tik,639,0,0,335.7527,74.203,0.0,0.5493
tik,639,0,1,336.0273,72.0855,90.0,4.235
tik,639,0,2,335.7527,69.968,0.0,0.5493
tik,639,0,3,335.478,72.0855,90.0,4.235
tik,640,0,0,338.7305,73.732,0.0,1.011
tik,640,0,1,339.236,73.967,90.0,0.47
tik,640,0,2,337.9505,74.202,0.0,2.571
tik,640,0,3,336.665,73.967,90.0,0.47
tik,640,0,4,337.171,73.732,0.0,1.012
tik,640,0,5,337.677,71.8495,90.0,3.765
tik,640,0,6,337.951,69.967,0.0,0.548
tik,641,0,0,340.826,70.9075,90.0,1.879
tik,641,0,1,341.1005,69.968,0.0,0.549
tik,641,0,2,341.375,70.9075,90.0,1.879
tik,641,0,3,342.0695,73.025,59.4788,2.735
tik,641,0,4,342.4595,74.203,0.0,0.609
tik,641,0,5,341.628,73.317,59.2556,2.0618
tik,641,0,6,340.574,73.317,120.7437,2.0618
tik,641,0,7,339.7425,74.203,0.0,0.609
tik,642,0,0,344.316,72.132,66.5636,5.8834
tik,642,0,1,343.3455,69.343,155.7187,0.4377
tik,642,0,2,344.718,71.969,66.6412,5.917
tik,643,0,0,257.261,104.1445,179.6963,0.19
tik,643,0,1,256.9075,103.583,51.3583,1.4365
tik,643,0,2,256.4425,103.096,102.5676,0.1516
tik,643,0,3,256.169,103.1705,179.8877,0.514
tik,643,0,4,255.931,103.0465,98.676,0.2519
tik,643,0,5,257.0275,103.601,32.2176,2.5472
tik,643,0,6,258.0365,104.324,147.2899,0.1628
tik,643,0,7,258.0735,104.4605,41.2434,0.2806
tik,643,0,8,257.1235,105.1095,152.1999,2.3864
tik,643,0,9,256.0415,105.542,77.9341,0.2536
tik,643,0,10,256.2775,105.418,0.0,0.525
tik,643,0,11,256.555,105.4835,77.1,0.1344
tik,643,0,12,256.943,105.0865,128.8862,1.1883
tik,643,0,13,257.2325,104.6195,3.0859,0.1672
tik,644,0,0,260.545,105.511,53.7482,2.4453
tik,644,0,1,259.7395,104.397,57.2016,0.3046
tik,644,0,2,260.2135,103.148,116.4014,2.5031
tik,644,0,3,260.91,102.041,5.7137,0.2814
tik,644,0,4,261.18,102.095,17.1013,0.272
tik,644,0,5,261.128,103.453,97.8618,2.661
tik,644,0,6,260.836,104.7575,6.991,0.2216
tik,644,0,7,260.6275,104.7075,20.3301,0.2101
tik,644,0,8,260.523,104.6765,137.5094,0.0163
tik,644,0,9,261.084,105.474,54.401,1.9481
tik,644,0,10,261.4595,106.3815,148.9055,0.4473
tik,644,1,0,260.676,102.506,174.2243,0.1789
tik,644,1,1,260.503,102.542,162.1855,0.1765
tik,644,1,2,260.5065,103.4255,84.1673,1.7219
tik,644,1,3,260.6795,104.2915,6.3335,0.1721
tik,644,1,4,260.849,104.292,173.8929,0.169
tik,644,1,5,261.019,103.425,95.7237,1.7246
tik,644,1,6,261.022,102.541,17.3924,0.174
tik,644,1,7,260.852,102.506,5.9085,0.1749
tik,645,0,0,252.5305,120.162,89.6963,0.19
tik,645,0,1,253.092,119.8085,141.3586,1.4365
tik,645,0,2,253.579,119.343,12.9372,0.1518
tik,645,0,3,253.5045,119.0695,89.8875,0.513
tik,645,0,4,253.6285,118.832,8.6754,0.2519
tik,645,0,5,253.074,119.9285,122.2176,2.5472
tik,645,0,6,252.351,120.937,57.4715,0.1637
tik,645,0,7,252.2145,120.974,131.1082,0.2814
tik,645,0,8,251.5655,120.0245,62.2002,2.3864
tik,645,0,9,251.133,118.942,167.7125,0.2538
tik,645,0,10,251.257,119.178,90.0,0.526
tik,645,0,11,251.1915,119.456,167.1029,0.1344
tik,645,0,12,251.5885,119.844,38.8857,1.1883
tik,645,0,13,252.055,120.1335,92.7465,0.1672
tik,646,0,0,250.571,124.982,0.0,0.47
tik,646,0,1,250.3355,124.146,89.966,1.672
tik,646,0,2,251.4245,122.982,163.245,2.2756
tik,646,0,3,252.514,122.7045,90.0,0.101
tik,646,0,4,252.435,122.8355,134.4628,0.2256
tik,646,0,5,252.749,123.742,64.5557,1.8295
tik,646,0,6,253.246,124.5575,174.2361,0.2091
tik,646,0,7,253.4465,124.5175,163.0037,0.2018
tik,646,0,8,253.6715,123.6165,98.3877,1.7619
tik,646,0,9,253.7405,122.702,35.854,0.1468
tik,646,0,10,253.616,122.628,25.5009,0.144
tik,646,0,11,253.7355,122.399,132.9792,0.5413
tik,646,0,12,254.002,122.2535,32.6316,0.1947
tik,646,0,13,252.876,123.008,149.8382,2.7943
tik,646,0,14,251.6765,123.5605,93.2537,0.2995
tik,646,0,15,251.245,123.5435,163.2403,0.919
tik,647,0,0,251.166,126.9695,143.73,2.4459
tik,647,0,1,252.28,126.164,147.3548,0.304
tik,647,0,2,253.529,126.6385,26.4014,2.5031
tik,647,0,3,254.636,127.335,95.7106,0.2814
tik,647,0,4,254.582,127.605,107.1044,0.272
tik,647,0,5,253.2235,127.5525,7.8803,2.6621
tik,647,0,6,251.919,127.2605,97.2861,0.2208
tik,647,0,7,251.9695,127.0525,110.3301,0.2101
tik,647,0,8,252.0005,126.948,47.4698,0.0163
tik,647,0,9,251.2025,127.509,144.4179,1.9489
tik,647,0,10,250.295,127.8845,59.0144,0.4467
tik,647,1,0,254.171,127.101,84.2243,0.1789
tik,647,1,1,254.135,126.928,72.1808,0.1765
tik,647,1,2,253.2515,126.9315,174.1673,1.7219
tik,647,1,3,252.3855,127.1045,96.3385,0.1721
tik,647,1,4,252.385,127.274,83.8827,0.169
tik,647,1,5,253.2525,127.4445,5.7537,1.7257
tik,647,1,6,254.1365,127.4475,106.9783,0.1746
tik,647,1,7,254.171,127.277,95.9085,0.1749
tik,648,0,0,254.037,129.831,102.0301,0.1247
tik,648,0,1,254.0845,129.9415,78.6264,0.3499
tik,648,0,2,254.0845,130.0635,55.1243,0.1207
tik,649,0,0,253.534,131.327,5.3817,0.2772
tik,649,0,1,253.063,132.378,120.4006,2.4069
tik,649,0,2,252.4185,133.3425,64.2205,0.1633
tik,649,0,3,252.293,133.3875,127.2154,0.2976
tik,649,0,4,252.2025,132.604,89.968,1.804
tik,649,0,5,252.292,131.8145,51.3421,0.2881
tik,649,0,6,252.4175,131.8565,116.7285,0.1579
tik,649,0,7,252.842,131.555,149.2982,0.9048
tik,649,0,8,253.3135,131.319,176.5283,0.1653
tik,649,1,0,250.659,132.6815,83.7061,0.1459
tik,649,1,1,250.6885,132.823,72.6936,0.1445
tik,649,1,2,251.417,132.819,174.1051,1.4215
tik,649,1,3,252.133,132.6775,97.4876,0.1382
tik,649,1,4,252.133,132.54,82.5664,0.1392
tik,649,1,5,251.417,132.398,5.8961,1.4215
tik,649,1,6,250.6885,132.394,107.3064,0.1445
tik,649,1,7,250.659,132.536,96.2495,0.1469
tik,649,2,0,252.62,132.6875,84.2567,0.1598
tik,649,2,1,252.6505,132.8425,73.406,0.1576
tik,649,2,2,253.419,132.8405,174.069,1.5
tik,649,2,3,254.173,132.6855,95.8959,0.1558
tik,649,2,4,254.173,132.53,84.1419,0.1568
tik,649,2,5,253.4185,132.3755,5.8517,1.5008
tik,649,2,6,252.65,132.3745,106.2478,0.1573
tik,649,2,7,252.62,132.529,95.7785,0.1588
tik,650,0,0,346.018,120.8955,179.6963,0.19
tik,650,0,1,345.6645,120.334,51.3583,1.4365
tik,650,0,2,345.1995,119.847,102.5676,0.1516
tik,650,0,3,344.926,119.921,0.0,0.514
tik,650,0,4,344.688,119.7965,98.676,0.2519
tik,650,0,5,345.7845,120.3515,32.2368,2.5477
tik,650,0,6,346.7935,121.075,147.2899,0.1628
tik,650,0,7,346.831,121.2115,41.1082,0.2814
tik,650,0,8,345.881,121.86,152.2325,2.3869
tik,650,0,9,344.798,122.2925,77.6632,0.2528
tik,650,0,10,345.034,122.169,0.0,0.526
tik,650,0,11,345.312,122.2345,77.1,0.1344
tik,650,0,12,345.7,121.8375,128.8862,1.1883
tik,650,0,13,345.9895,121.371,2.7412,0.1672
tik,651,0,0,350.838,122.857,90.0,0.47
tik,651,0,1,350.002,123.0925,179.9655,1.672
tik,651,0,2,348.838,122.003,73.2526,2.2766
tik,651,0,3,348.561,120.913,0.0,0.102
tik,651,0,4,348.6925,120.992,44.4629,0.2256
tik,651,0,5,349.5985,120.6785,154.5703,1.8281
tik,651,0,6,350.414,120.1825,84.4843,0.208
tik,651,0,7,350.3745,119.982,73.0786,0.2028
tik,651,0,8,349.474,119.756,8.4246,1.761
tik,651,0,9,348.5595,119.687,125.945,0.1482
tik,651,0,10,348.485,119.812,115.5009,0.144
tik,651,0,11,348.256,119.692,43.0559,0.5419
tik,651,0,12,348.111,119.425,122.873,0.1953
tik,651,0,13,348.8655,120.5515,59.8657,2.7947
tik,651,0,14,349.4175,121.7515,3.2537,0.2995
tik,651,0,15,349.4005,122.1825,73.2221,0.9181
tik,652,0,0,357.219,120.2015,51.605,2.2316
tik,652,0,1,356.7555,121.667,152.9316,2.5975
tik,652,0,2,355.574,122.12,79.7342,0.2805
tik,652,0,3,355.8145,121.982,0.0,0.531
tik,652,0,4,356.0925,122.062,81.111,0.1619
tik,652,0,5,356.7305,121.6555,142.1247,1.5848
tik,652,0,6,356.424,120.013,51.1236,2.9698
tik,652,0,7,356.8485,118.857,0.0,2.713
tik,652,0,8,358.205,119.092,90.0,0.47
tik,653,0,0,361.338,121.6315,90.0,3.355
tik,653,0,1,360.052,121.3965,56.0826,4.6093
tik,653,0,2,359.817,119.484,0.0,2.102
tik,653,0,3,360.868,119.17,90.0,0.628
tik,653,0,4,361.103,118.856,0.0,0.47
tik,653,0,5,361.338,119.17,90.0,0.628
tik,653,0,6,361.581,119.484,0.0,0.486
tik,653,0,7,361.824,119.719,90.0,0.47
tik,653,0,8,361.581,119.954,0.0,0.486
tik,653,1,0,360.2635,119.954,0.0,1.209
tik,653,1,1,360.2575,120.832,55.7196,2.1252
tik,653,1,2,360.862,121.71,0.0,0.012
tik,653,1,3,360.868,120.832,90.0,1.756
tik,654,0,0,362.751,122.489,67.1657,1.6492
tik,654,0,1,362.594,121.6655,158.7146,0.3499
tik,654,0,2,363.1435,122.34,62.3583,1.6662
tik,655,0,0,364.7665,118.857,0.0,0.549
tik,655,0,1,365.0415,120.453,89.9825,3.192
tik,655,0,2,366.61,120.3655,132.966,4.6012
tik,655,0,3,368.178,120.887,90.0,4.41
tik,655,0,4,367.904,123.092,0.0,0.548
tik,655,0,5,367.6295,121.5465,89.9813,3.091
tik,655,0,6,366.0605,121.648,133.6017,4.5487
tik,656,0,0,103.1295,47.4215,143.5485,2.4355
tik,656,0,1,102.018,48.227,148.1507,0.3108
tik,656,0,2,100.7625,47.7525,26.3512,2.5076
tik,656,0,3,99.653,47.056,95.7112,0.2814
tik,656,0,4,99.7075,46.7865,107.3648,0.2714
tik,656,0,5,101.0665,46.8415,7.9662,2.6627
tik,656,0,6,102.3765,47.133,94.5418,0.2147
tik,656,0,7,102.335,47.339,108.4356,0.2087
tik,656,0,8,102.308,47.4435,42.4725,0.0163
tik,656,0,9,103.062,46.8825,142.8614,1.8766
tik,656,0,10,103.9595,46.507,51.95,0.4851
tik,656,1,0,101.905,47.1185,83.7741,0.166
tik,656,1,1,101.8705,46.9555,72.4236,0.1689
tik,656,1,2,100.9865,46.9625,174.1808,1.7259
tik,656,1,3,100.1185,47.143,95.8306,0.187
tik,656,1,4,100.1195,47.321,82.956,0.1713
tik,656,1,5,100.9845,47.4885,5.514,1.7169
tik,656,1,6,101.8665,47.483,107.3574,0.1844
tik,656,1,7,101.904,47.298,95.8841,0.1951
tik,657,0,0,102.045,50.3735,148.2392,4.1776
tik,657,0,1,103.966,49.4795,54.79,0.503
tik,657,0,2,101.955,51.01,148.4264,5.0612
tik,657,0,3,99.7985,50.8055,89.9813,3.059
tik,657,0,4,100.033,49.276,0.0,0.47
tik,658,0,0,102.693,58.3445,141.5683,2.2314
tik,658,0,1,101.227,57.882,62.8827,2.5975
tik,658,0,2,100.773,56.701,169.7342,0.2805
tik,658,0,3,100.9115,56.941,89.8919,0.53
tik,658,0,4,100.832,57.219,170.77,0.1621
tik,658,0,5,101.239,57.857,52.0743,1.5847
tik,658,0,6,102.8815,57.55,141.111,2.9691
tik,658,0,7,104.0375,57.974,89.9789,2.712
tik,658,0,8,103.803,59.3305,179.881,0.47
tik,659,0,0,101.2635,62.464,179.9656,3.355
tik,659,0,1,101.498,61.178,146.0545,4.6096
tik,659,0,2,103.4105,60.9415,89.9727,2.101
tik,659,0,3,103.725,61.992,0.0,0.628
tik,659,0,4,104.039,62.2275,90.0,0.471
tik,659,0,5,103.725,62.463,0.0,0.628
tik,659,0,6,103.4115,62.7055,89.8819,0.485
tik,659,0,7,103.1765,62.9485,179.8738,0.471
tik,659,0,8,102.941,62.706,90.0,0.486
tik,659,1,0,102.9405,61.3885,89.9526,1.209
tik,659,1,1,102.0625,61.383,145.6817,2.1249
tik,659,1,2,101.185,61.9875,90.0,0.011
tik,659,1,3,102.063,61.993,0.0,1.756
tik,660,0,0,100.4065,63.877,157.1523,1.6483
tik,660,0,1,101.23,63.7195,68.503,0.3493
tik,660,0,2,100.556,64.269,152.3284,1.6666
tik,661,0,0,99.805,65.4375,90.0,0.577
tik,661,0,1,102.0015,66.0345,21.9564,4.7365
tik,661,0,2,102.637,67.524,158.8468,3.3476
tik,661,0,3,102.6375,68.731,21.1149,3.3478
tik,661,0,4,102.0035,70.2215,157.9894,4.7362
tik,661,0,5,99.8075,70.82,89.9009,0.578
tik,661,0,6,101.314,69.9325,158.3393,3.243
tik,661,0,7,101.235,68.7315,20.8004,3.3932
tik,661,0,8,101.2015,67.527,158.8049,3.3303
tik,662,0,0,289.5545,197.793,48.6428,0.1892
tik,662,0,1,289.7465,197.158,100.3943,1.4355
tik,662,0,2,289.8095,196.488,151.5732,0.1512
tik,662,0,3,289.5745,196.33,49.0234,0.5139
tik,662,0,4,289.512,196.069,147.7042,0.2508
tik,662,0,5,289.812,197.261,81.2402,2.5477
tik,662,0,6,289.9275,198.497,16.3256,0.1636
tik,662,0,7,289.849,198.6145,90.0,0.281
tik,662,0,8,288.7365,198.3225,21.244,2.3872
tik,662,0,9,287.7,197.7885,126.8258,0.2536
tik,662,0,10,287.948,197.8855,49.0918,0.5253
tik,662,0,11,288.0805,198.1385,125.9242,0.1346
tik,662,0,12,288.6355,198.1715,177.9288,1.1898
tik,662,0,13,289.178,198.084,51.7691,0.1681
tik,663,0,0,291.842,200.1885,139.0175,3.7647
tik,663,0,1,293.417,199.1315,49.0549,0.47
tik,663,0,2,291.9725,200.6975,139.0214,4.2347
tik,663,0,3,290.0735,201.7405,48.9845,0.9158
tik,663,0,4,289.8545,201.1295,107.068,0.5554
tik,664,0,0,268.749,184.029,179.702,2.306
tik,664,0,1,269.903,184.258,89.7545,0.47
tik,664,0,2,269.026,184.4975,179.7063,1.756
tik,664,0,3,268.1525,185.326,89.687,1.648
tik,664,0,4,269.0095,186.145,179.6647,1.705
tik,664,0,5,269.863,186.3755,89.755,0.471
tik,664,0,6,269.0115,186.6155,179.6975,1.705
tik,664,0,7,268.1625,187.2085,89.6583,1.177
tik,664,0,8,269.044,187.792,179.6744,1.756
tik,664,0,9,269.923,188.0225,89.755,0.471
tik,664,0,10,268.7715,188.264,179.7019,2.305
tik,665,0,0,271.952,184.012,179.702,2.306
tik,665,0,1,273.106,184.241,89.7545,0.47
tik,665,0,2,272.229,184.4805,179.7063,1.756
tik,665,0,3,271.3555,185.309,89.687,1.648
tik,665,0,4,272.2125,186.128,179.6647,1.705
tik,665,0,5,273.066,186.3585,89.755,0.471
tik,665,0,6,272.2145,186.5985,179.6975,1.705
tik,665,0,7,271.365,187.1915,89.7073,1.177
tik,665,0,8,272.2465,187.775,179.6746,1.757
tik,665,0,9,273.126,188.0055,89.755,0.471
tik,665,0,10,271.9745,188.247,179.7019,2.305
tik,666,0,0,280.22,218.8085,138.6428,0.1892
tik,666,0,1,279.585,218.6165,10.3943,1.4355
tik,666,0,2,278.915,218.5535,61.5732,0.1512
tik,666,0,3,278.757,218.7885,139.0234,0.5139
tik,666,0,4,278.496,218.851,57.7042,0.2508
tik,666,0,5,279.688,218.551,171.2402,2.5477
tik,666,0,6,280.924,218.4355,106.3256,0.1636
tik,666,0,7,281.0415,218.5145,0.2054,0.281
tik,666,0,8,280.7495,219.627,111.2528,2.3863
tik,666,0,9,280.2155,220.663,36.8258,0.2536
tik,666,0,10,280.3125,220.415,139.0918,0.5253
tik,666,0,11,280.5655,220.2825,35.9242,0.1346
tik,666,0,12,280.598,219.728,87.8786,1.1888
tik,666,0,13,280.5105,219.1855,141.8269,0.1667
tik,667,0,0,281.556,214.8545,143.477,0.1966
tik,667,0,1,281.717,214.754,152.8832,0.1843
tik,667,0,2,283.173,216.4295,51.34,4.399
tik,667,0,3,284.478,218.217,134.5912,0.1966
tik,667,0,4,284.329,218.346,143.5892,0.1988
tik,667,0,5,282.7405,216.8045,46.6952,4.3987
tik,667,0,6,281.2855,215.1285,125.3257,0.185
tik,667,0,7,281.408,214.983,134.5849,0.1966
tik,667,1,0,284.147,217.882,133.2343,0.1373
tik,667,1,1,284.2285,217.7765,121.8678,0.1307
tik,667,1,2,283.08,216.4545,46.9526,3.4661
tik,667,1,3,281.841,215.228,144.4564,0.1376
tik,667,1,4,281.7375,215.318,133.5386,0.1379
tik,667,1,5,282.779,216.7165,51.0774,3.4666
tik,667,1,6,283.9275,218.0385,155.9925,0.1303
tik,667,1,7,284.0435,217.972,144.7017,0.1384
tik,668,0,0,285.2865,214.3405,17.2811,4.1776
tik,668,0,1,283.352,213.476,103.8177,0.5026
tik,668,0,2,285.826,213.9915,17.4649,5.0613
tik,668,0,3,287.0855,215.754,139.0172,3.0587
tik,668,0,4,285.7765,216.5795,48.9623,0.4706
tik,669,0,0,286.5345,211.3335,150.7673,0.1249
tik,669,0,1,286.587,211.2255,127.6901,0.3501
tik,669,0,2,286.679,211.1455,104.3803,0.1208
tik,670,0,0,287.9935,210.7315,54.4131,0.2767
tik,670,0,1,289.096,210.3985,169.4422,2.4067
tik,670,0,2,290.2465,210.253,113.4205,0.1635
tik,670,0,3,290.363,210.318,176.1563,0.2986
tik,670,0,4,289.831,210.8995,139.0229,1.804
tik,670,0,5,289.176,211.349,100.3763,0.2887
tik,670,0,6,289.1255,211.2265,165.6978,0.1579
tik,670,0,7,288.6195,211.104,18.2944,0.9047
tik,670,0,8,288.132,210.903,45.4931,0.1655
tik,670,1,0,290.9015,212.014,132.5097,0.1465
tik,670,1,1,290.989,211.8985,121.7105,0.1446
tik,670,1,2,290.508,211.3515,43.0903,1.4214
tik,670,1,3,289.9315,210.9045,146.2013,0.1384
tik,670,1,4,289.828,210.9945,131.766,0.1381
tik,670,1,5,290.19,211.6275,54.9458,1.4207
tik,670,1,6,290.6645,212.18,156.4486,0.1451
tik,670,1,7,290.791,212.1095,145.3261,0.1459
tik,670,2,0,289.62,210.529,133.484,0.1599
tik,670,2,1,289.717,210.405,122.4626,0.1565
tik,670,2,2,289.2115,209.826,43.1367,1.5006
tik,670,2,3,288.6005,209.358,144.6739,0.1556
tik,670,2,4,288.4835,209.46,133.1891,0.1564
tik,670,2,5,288.861,210.131,54.9328,1.5003
tik,670,2,6,289.3635,210.712,155.2225,0.1575
tik,670,2,7,289.5,210.633,144.7201,0.1593
tik,671,0,0,254.9885,47.2745,143.5485,2.4355
tik,671,0,1,253.877,48.08,148.1515,0.3108
tik,671,0,2,252.6215,47.6055,26.3513,2.5076
tik,671,0,3,251.512,46.9085,95.6903,0.2824
tik,671,0,4,251.5665,46.639,107.4289,0.2704
tik,671,0,5,252.925,46.6945,7.9691,2.6617
tik,671,0,6,254.235,46.986,94.2737,0.2146
tik,671,0,7,254.194,47.1915,108.5228,0.2078
tik,671,0,8,254.1665,47.296,47.397,0.0163
tik,671,0,9,254.92,46.735,142.8378,1.8772
tik,671,0,10,255.818,46.3595,51.9282,0.4865
tik,671,1,0,253.764,46.9715,83.7767,0.166
tik,671,1,1,253.7295,46.8085,72.4261,0.1689
tik,671,1,2,252.8455,46.8155,174.1808,1.7259
tik,671,1,3,251.9775,46.9955,95.8631,0.186
tik,671,1,4,251.9785,47.1735,83.0009,0.1723
tik,671,1,5,252.8435,47.341,5.4815,1.7169
tik,671,1,6,253.7255,47.3355,107.4507,0.1834
tik,671,1,7,253.7625,47.151,95.5919,0.195
tik,672,0,0,253.904,50.2255,148.2392,4.1776
tik,672,0,1,255.825,49.3315,54.7907,0.503
tik,672,0,2,253.814,50.8625,148.4169,5.0617
tik,672,0,3,251.6575,50.658,89.9814,3.06
tik,672,0,4,251.892,49.128,0.0,0.47
tik,673,0,0,254.551,58.1965,141.5683,2.2314
tik,673,0,1,253.085,57.734,62.8825,2.5976
tik,673,0,2,252.631,56.553,169.7342,0.2805
tik,673,0,3,252.769,56.793,90.0,0.53
tik,673,0,4,252.6895,57.071,170.7125,0.1611
tik,673,0,5,253.097,57.709,52.0743,1.5847
tik,673,0,6,254.739,57.4015,141.0841,2.9689
tik,673,0,7,255.895,57.8255,89.9578,2.713
tik,673,0,8,255.661,59.182,0.0,0.47
tik,674,0,0,253.8585,61.356,89.6963,0.19
tik,674,0,1,254.42,61.002,141.3273,1.4371
tik,674,0,2,254.907,60.5365,12.5776,0.1516
tik,674,0,3,254.8325,60.2635,89.8875,0.513
tik,674,0,4,254.9565,60.026,8.6823,0.2519
tik,674,0,5,254.402,61.1225,122.2173,2.5472
tik,674,0,6,253.679,62.131,57.4715,0.1637
tik,674,0,7,253.5425,62.168,131.1123,0.2813
tik,674,0,8,252.894,61.2185,62.2216,2.386
tik,674,0,9,252.4615,60.136,167.6782,0.2528
tik,674,0,10,252.585,60.372,90.0,0.526
tik,674,0,11,252.5195,60.65,167.1156,0.1344
tik,674,0,12,252.917,61.038,38.8564,1.1891
tik,674,0,13,253.384,61.3275,92.7402,0.1672
tik,675,0,0,252.2655,63.73,157.1523,1.6483
tik,675,0,1,253.089,63.5725,68.503,0.3493
tik,675,0,2,252.415,64.122,152.3283,1.6666
tik,676,0,0,251.664,65.2895,90.0,0.577
tik,676,0,1,253.8605,65.8865,21.9563,4.7366
tik,676,0,2,254.496,67.376,158.8469,3.3476
tik,676,0,3,254.4965,68.583,21.1147,3.3478
tik,676,0,4,253.862,70.0735,157.994,4.7371
tik,676,0,5,251.666,70.672,90.0,0.578
tik,676,0,6,253.173,69.7845,158.3394,3.243
tik,676,0,7,253.094,68.5835,20.8003,3.3932
tik,676,0,8,253.0605,67.379,158.805,3.3303
tik,677,0,0,243.259,255.881,0.0,0.88
tik,677,0,1,243.708,257.9985,89.7566,4.235
tik,677,0,2,243.2685,260.116,0.0,0.897
tik,677,0,3,242.8195,257.9985,89.9864,4.235
tik,677,1,0,243.4615,259.645,0.0,0.185
tik,677,1,1,243.554,257.998,90.0,3.294
tik,677,1,2,243.461,256.351,0.0,0.186
tik,677,1,3,243.3685,257.998,89.9825,3.294
tik,678,0,0,272.5,255.669,0.0,0.88
tik,678,0,1,272.949,257.7865,89.7564,4.235
tik,678,0,2,272.5095,259.904,0.0,0.897
tik,678,0,3,272.0605,257.7865,89.9864,4.235
tik,678,1,0,272.7025,259.434,0.0,0.185
tik,678,1,1,272.795,257.7865,90.0,3.295
tik,678,1,2,272.702,256.139,0.0,0.186
tik,678,1,3,272.6095,257.7865,89.983,3.295
tik,679,0,0,234.8505,354.107,0.0,0.471
tik,679,0,1,235.086,354.645,90.0,1.076
tik,679,0,2,235.212,355.1635,171.2028,0.255
tik,679,0,3,235.4555,355.0975,158.4074,0.2527
tik,679,0,4,235.099,353.627,71.5893,3.0016
tik,679,0,5,234.5325,352.207,177.5205,0.1852
tik,679,0,6,234.35,352.2235,172.0944,0.1817
tik,679,0,7,233.7505,353.575,110.8321,2.8653
tik,679,0,8,233.312,354.983,44.182,0.198
tik,679,0,9,233.462,355.112,37.2172,0.1984
tik,679,0,10,233.354,355.3465,136.9799,0.5115
tik,679,0,11,233.072,355.442,39.7467,0.2471
tik,679,0,12,232.894,355.2735,47.158,0.2441
tik,679,0,13,234.042,353.467,125.6387,4.2254
tik,679,0,14,235.372,351.7865,20.238,0.211
tik,679,0,15,235.565,351.868,25.5802,0.2084
tik,679,0,16,235.326,353.818,99.9153,3.8678
tik,679,0,17,234.8865,355.7275,177.5799,0.2132
tik,679,0,18,234.698,355.732,0.0,0.164
tik,680,0,0,178.793,349.835,90.0,1.726
tik,680,0,1,178.5185,350.698,0.0,0.549
tik,680,0,2,178.244,348.5805,90.0,4.235
tik,680,0,3,178.5185,346.463,0.0,0.549
tik,680,0,4,178.793,347.4825,90.0,2.039
tik,680,0,5,179.7735,348.502,0.0,1.961
tik,680,0,6,180.754,347.4825,90.0,2.039
tik,680,0,7,181.0285,346.463,0.0,0.549
tik,680,0,8,181.303,348.5805,90.0,4.235
tik,680,0,9,181.0285,350.698,0.0,0.549
tik,680,0,10,180.754,349.835,90.0,1.726
tik,681,0,0,137.584,307.84,90.0,1.726
tik,681,0,1,137.3095,308.703,0.0,0.549
tik,681,0,2,137.035,306.5855,90.0,4.235
tik,681,0,3,137.3095,304.468,0.0,0.549
tik,681,0,4,137.584,305.4875,90.0,2.039
tik,681,0,5,138.5645,306.507,0.0,1.961
tik,681,0,6,139.545,305.4875,90.0,2.039
tik,681,0,7,139.8195,304.468,0.0,0.549
tik,681,0,8,140.094,306.5855,90.0,4.235
tik,681,0,9,139.8195,308.703,0.0,0.549
tik,681,0,10,139.545,307.84,90.0,1.726
tik,682,0,0,221.3,403.231,90.0,2.688
tik,682,0,1,220.8885,401.328,53.6419,1.3883
tik,682,0,2,220.3775,400.8215,152.1837,0.225
tik,682,0,3,220.1455,400.656,58.7083,0.5102
tik,682,0,4,220.0915,400.399,153.5799,0.1753
tik,682,0,5,221.0095,401.123,42.2669,2.2689
tik,682,0,6,221.849,403.2305,90.0,2.689
tik,683,0,0,188.4685,377.785,0.0,0.987
tik,683,0,1,189.347,378.889,70.7745,2.3384
tik,683,0,2,189.6435,380.018,164.225,0.1839
tik,683,0,3,189.555,380.0485,90.0,0.011
tik,683,0,4,189.654,380.1215,34.2891,0.2396
tik,683,0,5,189.1335,381.1045,124.0855,2.2108
tik,683,0,6,188.245,382.02,0.0,0.538
tik,683,0,7,187.9755,379.9025,89.9864,4.235
tik,683,1,0,188.597,381.549,0.0,0.142
tik,683,1,1,188.662,380.8435,89.513,1.4111
tik,683,1,2,188.5905,380.138,0.0,0.131
tik,683,1,3,188.5255,380.8435,89.9597,1.411
tik,683,2,0,188.684,379.745,0.0,0.318
tik,683,2,1,188.8755,379.0,92.498,1.4914
tik,683,2,2,188.7165,378.255,0.0,0.383
tik,683,2,3,188.525,379.0,90.0,1.49
tik,684,0,0,244.0145,377.268,0.0,0.987
tik,684,0,1,244.893,378.372,70.7745,2.3384
tik,684,0,2,245.1895,379.501,164.225,0.1839
tik,684,0,3,245.101,379.5315,90.0,0.011
tik,684,0,4,245.2,379.6045,34.2891,0.2396
tik,684,0,5,244.6795,380.5875,124.0855,2.2108
tik,684,0,6,243.7915,381.503,0.0,0.537
tik,684,0,7,243.522,379.3855,89.973,4.235
tik,684,1,0,244.143,381.033,0.0,0.142
tik,684,1,1,244.208,380.327,89.5133,1.4121
tik,684,1,2,244.1365,379.621,0.0,0.131
tik,684,1,3,244.0715,380.327,89.9598,1.412
tik,684,2,0,244.23,379.228,0.0,0.318
tik,684,2,1,244.4215,378.483,92.498,1.4914
tik,684,2,2,244.2625,377.738,0.0,0.383
tik,684,2,3,244.071,378.483,90.0,1.49
tik,685,0,0,242.9665,425.406,113.9187,1.2012
tik,685,0,1,243.496,424.857,0.0,0.572
tik,685,0,2,242.763,427.0845,114.5825,4.899
tik,685,0,3,240.724,427.085,65.3915,4.8989
tik,685,0,4,239.9895,424.858,0.0,0.571
tik,685,0,5,240.519,425.407,66.038,1.2016
tik,685,0,6,241.743,425.9555,179.9706,1.96
tik,685,1,0,241.743,426.4255,179.9626,1.518
tik,685,1,1,241.364,427.287,66.186,1.8823
tik,685,1,2,242.123,427.2865,113.7466,1.8824
tik,686,0,0,265.0475,426.8495,51.6572,1.8908
tik,686,0,1,264.767,426.108,0.0,0.612
tik,686,0,2,265.491,426.6675,53.2369,1.3968
tik,686,0,3,266.341,426.667,127.6482,1.4145
tik,686,0,4,267.068,426.107,0.0,0.59
tik,686,0,5,266.799,426.849,127.2386,1.864
tik,686,0,6,266.718,428.182,50.7432,1.5265
tik,686,0,7,266.895,428.7735,179.9071,0.612
tik,686,0,8,266.2495,428.362,50.5113,1.0677
tik,686,0,9,265.5985,428.362,127.091,1.033
tik,686,0,10,264.9895,428.774,0.0,0.595
tik,687,0,0,280.6615,432.0085,51.6572,1.8908
tik,687,0,1,280.381,431.267,0.0,0.612
tik,687,0,2,281.105,431.8265,53.2369,1.3968
tik,687,0,3,281.955,431.826,127.6482,1.4145
tik,687,0,4,282.682,431.266,0.0,0.59
tik,687,0,5,282.413,432.008,127.2386,1.864
tik,687,0,6,282.332,433.3415,50.7668,1.5273
tik,687,0,7,282.509,433.933,0.0,0.612
tik,687,0,8,281.8635,433.521,50.5113,1.0677
tik,687,0,9,281.2125,433.521,127.091,1.033
tik,687,0,10,280.6035,433.933,0.0,0.595
tik,688,0,0,54.735,406.8575,139.0174,3.7647
tik,688,0,1,53.1595,407.9145,48.9624,0.4706
tik,688,0,2,54.604,406.348,139.0202,4.2361
tik,688,0,3,56.5035,405.305,49.0259,0.9166
tik,688,0,4,56.7225,405.9165,107.0645,0.5555
tik,689,0,0,52.3995,403.931,48.6428,0.1892
tik,689,0,1,52.2075,404.566,100.394,1.4356
tik,689,0,2,52.1445,405.236,151.5688,0.1512
tik,689,0,3,52.3795,405.394,49.024,0.5139
tik,689,0,4,52.442,405.655,147.7033,0.2508
tik,689,0,5,52.1425,404.463,81.2624,2.5476
tik,689,0,6,52.027,403.227,16.4309,0.1626
tik,689,0,7,52.1055,403.1095,90.2038,0.281
tik,689,0,8,53.218,403.4015,21.2531,2.3863
tik,689,0,9,54.254,403.9355,126.8244,0.2536
tik,689,0,10,54.006,403.8385,49.0915,0.5253
tik,689,0,11,53.8735,403.5855,125.9346,0.1346
tik,689,0,12,53.319,403.553,177.8793,1.1888
tik,689,0,13,52.7765,403.6405,51.8226,0.1666
tik,690,0,0,39.236,426.2085,10.6978,1.8909
tik,690,0,1,38.538,425.8325,139.0432,0.6118
tik,690,0,2,39.4515,425.7805,12.2751,1.3969
tik,690,0,3,40.0935,425.223,86.7168,1.4143
tik,690,0,4,40.2755,424.3235,138.9882,0.5897
tik,690,0,5,40.5585,425.06,86.278,1.8639
tik,690,0,6,41.3715,426.12,9.8013,1.5273
tik,690,0,7,41.893,426.4505,139.043,0.6118
tik,690,0,8,41.135,426.5625,9.5329,1.0688
tik,690,0,9,40.643,426.9895,86.1159,1.0334
tik,690,0,10,40.4535,427.7005,138.9506,0.5954
tik,691,0,0,44.4635,422.4655,10.6148,2.2312
tik,691,0,1,45.075,423.876,111.9243,2.5979
tik,691,0,2,44.4805,424.993,38.7866,0.281
tik,691,0,3,44.571,424.731,138.976,0.5302
tik,691,0,4,44.833,424.609,39.9878,0.1618
tik,691,0,5,45.048,423.8835,101.1326,1.5848
tik,691,0,6,43.7395,422.8445,10.1442,2.9694
tik,691,0,7,43.302,421.6935,139.0208,2.7128
tik,691,0,8,44.48,420.9815,49.0547,0.47
tik,692,0,0,45.979,419.2755,143.479,0.1966
tik,692,0,1,46.14,419.175,152.8785,0.1843
tik,692,0,2,47.5955,420.8505,51.3503,4.3983
tik,692,0,3,48.9,422.6385,134.3827,0.1973
tik,692,0,4,48.7515,422.7675,143.6516,0.1974
tik,692,0,5,47.1635,421.2255,46.695,4.3987
tik,692,0,6,45.7085,419.5495,125.3212,0.1851
tik,692,0,7,45.831,419.404,134.588,0.1966
tik,692,1,0,48.57,422.303,133.2305,0.1372
tik,692,1,1,48.6515,422.1975,121.8643,0.1307
tik,692,1,2,47.503,420.8755,46.9524,3.4661
tik,692,1,3,46.264,419.649,144.4616,0.1376
tik,692,1,4,46.1605,419.739,133.5287,0.1379
tik,692,1,5,47.202,421.1375,51.0768,3.4666
tik,692,1,6,48.3505,422.46,156.4012,0.1299
tik,692,1,7,48.4665,422.394,144.7029,0.1385
tik,693,0,0,48.64,416.9635,143.479,0.1966
tik,693,0,1,48.801,416.863,152.8785,0.1843
tik,693,0,2,50.2565,418.5385,51.3503,4.3983
tik,693,0,3,51.561,420.3265,134.3827,0.1973
tik,693,0,4,51.4125,420.4555,143.6516,0.1974
tik,693,0,5,49.8245,418.9135,46.695,4.3987
tik,693,0,6,48.3695,417.2375,125.3212,0.1851
tik,693,0,7,48.492,417.092,134.588,0.1966
tik,693,1,0,51.231,419.991,133.2305,0.1372
tik,693,1,1,51.3125,419.8855,121.8643,0.1307
tik,693,1,2,50.164,418.5635,46.9524,3.4661
tik,693,1,3,48.925,417.337,144.4616,0.1376
tik,693,1,4,48.8215,417.427,133.5287,0.1379
tik,693,1,5,49.863,418.8255,51.0768,3.4666
tik,693,1,6,51.0115,420.1475,155.9953,0.1303
tik,693,1,7,51.1275,420.0815,145.0445,0.1379
tik,694,0,0,44.4735,430.86,49.0173,3.7647
tik,694,0,1,43.4165,429.2845,138.9627,0.4707
tik,694,0,2,44.9825,430.729,49.0304,4.2354
tik,694,0,3,46.0255,432.6285,138.9848,0.9158
tik,694,0,4,45.4145,432.8475,17.0643,0.5555
tik,695,0,0,46.076,426.8815,143.479,0.1966
tik,695,0,1,46.237,426.781,152.8785,0.1843
tik,695,0,2,47.6925,428.4565,51.3503,4.3983
tik,695,0,3,48.997,430.2445,134.3827,0.1973
tik,695,0,4,48.8485,430.3735,143.6516,0.1974
tik,695,0,5,47.2605,428.8315,46.695,4.3987
tik,695,0,6,45.8055,427.1555,125.3212,0.1851
tik,695,0,7,45.928,427.01,134.588,0.1966
tik,695,1,0,48.667,429.909,133.2305,0.1372
tik,695,1,1,48.7485,429.8035,121.8643,0.1307
tik,695,1,2,47.6,428.4815,46.9524,3.4661
tik,695,1,3,46.361,427.255,144.4616,0.1376
tik,695,1,4,46.2575,427.345,133.5287,0.1379
tik,695,1,5,47.299,428.7435,51.0768,3.4666
tik,695,1,6,48.4475,430.0655,155.9953,0.1303
tik,695,1,7,48.5635,429.9995,145.0445,0.1379
tik,696,0,0,48.737,424.5695,143.479,0.1966
tik,696,0,1,48.898,424.469,152.8785,0.1843
tik,696,0,2,50.3535,426.1445,51.3503,4.3983
tik,696,0,3,51.658,427.9325,134.3827,0.1973
tik,696,0,4,51.5095,428.0615,143.6516,0.1974
tik,696,0,5,49.9215,426.5195,46.695,4.3987
tik,696,0,6,48.4665,424.8435,125.3212,0.1851
tik,696,0,7,48.589,424.698,134.588,0.1966
tik,696,1,0,51.328,427.597,133.2305,0.1372
tik,696,1,1,51.4095,427.4915,121.8643,0.1307
tik,696,1,2,50.261,426.1695,46.9524,3.4661
tik,696,1,3,49.022,424.943,144.4616,0.1376
tik,696,1,4,48.9185,425.033,133.5287,0.1379
tik,696,1,5,49.96,426.4315,51.0768,3.4666
tik,696,1,6,51.1085,427.754,156.4012,0.1299
tik,696,1,7,51.2245,427.688,144.7029,0.1385
tik,697,0,0,51.398,422.2575,143.479,0.1966
tik,697,0,1,51.559,422.157,152.8785,0.1843
tik,697,0,2,53.0145,423.8325,51.3503,4.3983
tik,697,0,3,54.319,425.6205,134.3827,0.1973
tik,697,0,4,54.1705,425.7495,143.6516,0.1974
tik,697,0,5,52.5825,424.2075,46.695,4.3987
tik,697,0,6,51.1275,422.532,125.5022,0.1842
tik,697,0,7,51.25,422.3865,134.3827,0.1973
tik,697,1,0,53.9895,425.285,133.533,0.1379
tik,697,1,1,54.0715,425.1795,121.8643,0.1307
tik,697,1,2,52.9225,423.8575,46.9403,3.4668
tik,697,1,3,51.683,422.631,144.4616,0.1376
tik,697,1,4,51.5795,422.721,133.5287,0.1379
tik,697,1,5,52.621,424.1195,51.0768,3.4666
tik,697,1,6,53.7695,425.442,156.4012,0.1299
tik,697,1,7,53.8855,425.376,144.7029,0.1385
tik,698,0,0,53.8225,394.51,49.0173,3.7647
tik,698,0,1,52.7655,392.935,139.0553,0.47
tik,698,0,2,54.3315,394.3795,49.0215,4.2347
tik,698,0,3,55.3745,396.2785,138.9848,0.9158
tik,698,0,4,54.7635,396.4975,17.0643,0.5555
tik,699,0,0,56.5705,391.4105,10.6148,2.2312
tik,699,0,1,57.182,392.8205,111.9324,2.597
tik,699,0,2,56.5875,393.9375,38.6286,0.2803
tik,699,0,3,56.678,393.676,138.976,0.5302
tik,699,0,4,56.94,393.554,39.9878,0.1618
tik,699,0,5,57.155,392.8285,101.1326,1.5848
tik,699,0,6,55.8465,391.7895,10.1442,2.9694
tik,699,0,7,55.409,390.6385,139.0208,2.7128
tik,699,0,8,56.587,389.926,48.9741,0.4692
tik,700,0,0,59.1545,390.0175,17.2812,4.1776
tik,700,0,1,57.22,389.153,103.8147,0.5025
tik,700,0,2,59.694,389.6685,17.4647,5.0613
tik,700,0,3,60.9535,391.431,139.0165,3.0587
tik,700,0,4,59.6445,392.2565,48.9637,0.4707
tik,701,0,0,60.4035,387.0105,150.7656,0.1249
tik,701,0,1,60.456,386.9025,127.6876,0.35
tik,701,0,2,60.548,386.8225,104.3803,0.1208
tik,702,0,0,61.861,386.4085,54.2471,0.2773
tik,702,0,1,62.9635,386.0755,169.4463,2.4077
tik,702,0,2,64.1145,385.93,113.4303,0.1635
tik,702,0,3,64.2305,385.995,176.1496,0.2977
tik,702,0,4,63.698,386.5765,139.0232,1.804
tik,702,0,5,63.0435,387.0265,100.6068,0.2879
tik,702,0,6,62.993,386.9045,165.7882,0.1589
tik,702,0,7,62.487,386.782,18.3145,0.9038
tik,702,0,8,62.0,386.5805,45.7319,0.1662
tik,702,1,0,64.7695,387.691,132.5097,0.1465
tik,702,1,1,64.857,387.5755,121.7125,0.1446
tik,702,1,2,64.376,387.0285,43.0896,1.4214
tik,702,1,3,63.7995,386.5815,146.1969,0.1384
tik,702,1,4,63.696,386.6715,131.7719,0.1381
tik,702,1,5,64.0585,387.3045,54.9124,1.4213
tik,702,1,6,64.533,387.857,156.2795,0.1442
tik,702,1,7,64.6595,387.7865,145.5498,0.1467
tik,702,2,0,63.488,386.206,133.4801,0.1599
tik,702,2,1,63.585,386.082,122.4703,0.1565
tik,702,2,2,63.0795,385.503,43.1367,1.5006
tik,702,2,3,62.468,385.035,144.8842,0.1565
tik,702,2,4,62.351,385.137,132.9186,0.1557
tik,702,2,5,62.729,385.8075,54.9107,1.4995
tik,702,2,6,63.2315,386.3885,155.5605,0.1571
tik,702,2,7,63.368,386.31,144.7104,0.1593
tik,703,0,0,103.63,369.0655,143.4783,0.1966
tik,703,0,1,103.791,368.965,152.879,0.1843
tik,703,0,2,105.2465,370.6405,51.3503,4.3983
tik,703,0,3,106.551,372.4285,134.3827,0.1973
tik,703,0,4,106.4025,372.5575,143.6509,0.1974
tik,703,0,5,104.8145,371.0155,46.695,4.3987
tik,703,0,6,103.3595,369.3395,125.3221,0.1851
tik,703,0,7,103.482,369.194,134.588,0.1966
tik,703,1,0,106.221,372.093,133.2317,0.1372
tik,703,1,1,106.3025,371.9875,121.8643,0.1307
tik,703,1,2,105.154,370.6655,46.9524,3.4661
tik,703,1,3,103.915,369.439,144.4616,0.1376
tik,703,1,4,103.8115,369.529,133.5298,0.1379
tik,703,1,5,104.853,370.928,51.0873,3.4674
tik,703,1,6,106.0015,372.2505,155.9959,0.1303
tik,703,1,7,106.1175,372.184,144.702,0.1385
tik,704,0,0,105.9475,367.8555,150.7656,0.1249
tik,704,0,1,106.0,367.7475,127.6881,0.35
tik,704,0,2,106.092,367.6675,104.3838,0.1208
tik,705,0,0,111.3085,367.7865,48.9628,0.4706
tik,705,0,1,110.8315,368.5125,139.0235,1.6729
tik,705,0,2,109.238,368.4535,32.2723,2.2755
tik,705,0,3,108.3145,367.8125,138.9704,0.1021
tik,705,0,4,108.4655,367.786,3.5623,0.2254
tik,705,0,5,108.9435,366.955,113.5645,1.8285
tik,705,0,6,109.2335,366.045,43.64,0.2087
tik,705,0,7,109.072,365.9195,31.8846,0.2026
tik,705,0,8,108.244,366.34,147.4291,1.761
tik,705,0,9,107.5085,366.8875,84.9461,0.1476
tik,705,0,10,107.534,367.0305,74.7084,0.1441
tik,705,0,11,107.2825,367.09,2.1176,0.5414
tik,705,0,12,106.998,366.9835,81.745,0.195
tik,705,0,13,108.306,367.3395,18.8953,2.7946
tik,705,0,14,109.5095,367.8835,142.3266,0.2994
tik,705,0,15,109.7795,368.22,32.2371,0.9186
tik,706,0,0,112.738,367.0525,144.1618,0.1998
tik,706,0,1,112.57,367.151,155.3074,0.1915
tik,706,0,2,111.9655,366.4535,54.9429,1.8019
tik,706,0,3,111.5165,365.6445,133.7716,0.198
tik,706,0,4,111.665,365.515,144.0591,0.1976
tik,706,0,5,112.4035,366.0725,43.0671,1.8027
tik,706,0,6,113.0095,366.769,122.9477,0.1931
tik,706,0,7,112.888,366.922,133.7818,0.1994
tik,706,1,0,112.6585,366.709,133.4715,0.1323
tik,706,1,1,112.7385,366.607,122.5737,0.1282
tik,706,1,2,112.3355,366.143,43.1418,1.1992
tik,706,1,3,111.844,365.7715,144.5144,0.1326
tik,706,1,4,111.745,365.8575,133.4527,0.1309
tik,706,1,5,112.0445,366.3955,54.9179,1.1988
tik,706,1,6,112.4475,366.8595,155.6318,0.1284
tik,706,1,7,112.5595,366.795,144.6137,0.1312
tik,707,0,0,112.056,364.816,18.7793,4.9453
tik,707,0,1,109.767,363.8815,110.5775,0.2959
tik,707,0,2,112.156,364.5385,18.7983,4.9374
tik,708,0,0,112.4785,363.9515,144.272,0.2106
tik,708,0,1,112.302,364.056,154.7083,0.2013
tik,708,0,2,111.6725,363.33,54.9978,1.8776
tik,708,0,3,111.2065,362.4855,133.8379,0.2093
tik,708,0,4,111.3635,362.349,144.1737,0.2084
tik,708,0,5,112.134,362.929,43.0579,1.8777
tik,708,0,6,112.765,363.654,123.2113,0.2008
tik,708,0,7,112.637,363.814,133.8486,0.2108
tik,708,1,0,112.406,363.6025,133.5469,0.1393
tik,708,1,1,112.4905,363.4945,122.4047,0.1362
tik,708,1,2,112.062,363.0015,43.1237,1.2742
tik,708,1,3,111.5405,362.6065,144.3633,0.139
tik,708,1,4,111.436,362.697,133.8337,0.1386
tik,708,1,5,111.754,363.2685,54.9379,1.2742
tik,708,1,6,112.1825,363.7615,155.4902,0.1374
tik,708,1,7,112.3015,363.693,144.702,0.1385
tik,709,0,0,115.92,362.3185,49.0134,2.6773
tik,709,0,1,116.2265,360.279,139.0184,3.1381
tik,709,0,2,118.2885,360.2605,49.0294,2.6767
tik,709,0,3,118.959,361.451,138.991,0.5486
tik,709,0,4,117.9335,360.6895,48.9976,2.4951
tik,709,0,5,116.3455,360.4165,139.0179,2.0386
tik,709,0,6,116.394,362.027,49.0301,2.4952
tik,710,0,0,118.844,358.3305,139.0207,0.3126
tik,710,0,1,119.672,359.2215,54.4487,2.4422
tik,710,0,2,120.144,360.422,138.9847,0.6308
tik,710,0,3,118.5175,359.0305,49.0216,4.2347
tik,710,0,4,117.3365,357.2515,138.9813,0.55
tik,710,0,5,118.135,357.752,49.0472,1.8034
tik,710,1,0,120.0665,359.8655,138.9239,0.1446
tik,710,1,1,119.6435,359.246,50.1453,1.4902
tik,710,1,2,119.1,358.731,139.1861,0.1744
tik,710,1,3,119.523,359.3505,48.9984,1.4907
tik,711,0,0,197.687,398.1455,90.0,3.765
tik,711,0,1,197.922,396.263,0.0,0.47
tik,711,0,2,198.157,398.3805,90.0,4.235
tik,711,0,3,197.699,400.498,0.0,0.916
tik,711,0,4,197.094,400.263,57.9722,0.5544
tik,712,0,0,201.428,398.3015,179.6963,0.19
tik,712,0,1,201.0745,397.74,51.3586,1.4365
tik,712,0,2,200.6095,397.253,102.572,0.1516
tik,712,0,3,200.336,397.327,0.0,0.514
tik,712,0,4,200.098,397.2025,98.676,0.2519
tik,712,0,5,201.1945,397.7575,32.2365,2.5477
tik,712,0,6,202.2035,398.481,147.2809,0.1628
tik,712,0,7,202.241,398.6175,41.1082,0.2814
tik,712,0,8,201.2915,399.266,152.2214,2.386
tik,712,0,9,200.209,399.6985,77.6681,0.2528
tik,712,0,10,200.4445,399.575,0.0,0.525
tik,712,0,11,200.7225,399.6405,76.6851,0.1346
tik,712,0,12,201.111,399.2435,128.8857,1.1883
tik,712,0,13,201.4005,398.7765,3.0856,0.1672
tik,713,0,0,205.913,399.0385,90.0,3.355
tik,713,0,1,204.627,398.8035,56.0823,4.6093
tik,713,0,2,204.392,396.891,0.0,2.102
tik,713,0,3,205.443,396.577,90.0,0.628
tik,713,0,4,205.678,396.263,0.0,0.47
tik,713,0,5,205.913,396.577,90.0,0.628
tik,713,0,6,206.156,396.891,0.0,0.486
tik,713,0,7,206.399,397.126,90.0,0.47
tik,713,0,8,206.156,397.361,0.0,0.486
tik,713,1,0,204.8385,397.361,0.0,1.209
tik,713,1,1,204.8325,398.239,55.719,2.1252
tik,713,1,2,205.437,399.117,0.0,0.012
tik,713,1,3,205.443,398.239,90.0,1.756
tik,714,0,0,208.844,397.6075,51.6047,2.2316
tik,714,0,1,208.3805,399.073,152.9317,2.5975
tik,714,0,2,207.199,399.526,79.7311,0.2805
tik,714,0,3,207.4395,399.388,0.0,0.531
tik,714,0,4,207.7175,399.468,81.1217,0.1619
tik,714,0,5,208.3555,399.0615,142.125,1.5849
tik,714,0,6,208.049,397.419,51.1232,2.9698
tik,714,0,7,208.4735,396.263,0.0,2.713
tik,714,0,8,209.83,396.498,90.0,0.47
tik,715,0,0,219.746,390.75,90.0,1.726
tik,715,0,1,219.4715,391.613,0.0,0.549
tik,715,0,2,219.197,389.4955,90.0,4.235
tik,715,0,3,219.4715,387.378,0.0,0.549
tik,715,0,4,219.746,388.3975,90.0,2.039
tik,715,0,5,220.7265,389.417,0.0,1.961
tik,715,0,6,221.707,388.3975,90.0,2.039
tik,715,0,7,221.9815,387.378,0.0,0.549
tik,715,0,8,222.256,389.4955,90.0,4.235
tik,715,0,9,221.9815,391.613,0.0,0.549
tik,715,0,10,221.707,390.75,90.0,1.726
tik,716,0,0,253.1705,428.8395,179.9847,3.765
tik,716,0,1,255.053,429.074,90.0,0.47
tik,716,0,2,252.9355,429.31,179.973,4.235
tik,716,0,3,250.8175,428.8525,89.938,0.917
tik,716,0,4,251.0525,428.247,148.0265,0.5552
tik,717,0,0,253.065,432.286,148.2506,4.1771
tik,717,0,1,254.986,431.3925,54.7937,0.503
tik,717,0,2,252.975,432.9225,148.4362,5.0607
tik,717,0,3,250.8185,432.7175,89.9814,3.059
tik,717,0,4,251.053,431.188,0.0,0.47
tik,718,0,0,251.649,435.8645,143.7297,2.4459
tik,718,0,1,252.763,435.059,147.3572,0.304
tik,718,0,2,254.012,435.5335,26.401,2.5031
tik,718,0,3,255.119,436.2305,95.6903,0.2824
tik,718,0,4,255.065,436.5005,107.1651,0.2711
tik,718,0,5,253.707,436.4475,7.8836,2.6612
tik,718,0,6,252.4025,436.1555,97.0302,0.2207
tik,718,0,7,252.4525,435.9475,110.333,0.2101
tik,718,0,8,252.4835,435.843,47.506,0.0163
tik,718,0,9,251.686,436.404,144.4007,1.9481
tik,718,0,10,250.7785,436.7795,58.9038,0.4473
tik,718,1,0,254.654,435.996,84.2238,0.1789
tik,718,1,1,254.618,435.823,72.1808,0.1765
tik,718,1,2,253.7345,435.8265,174.1668,1.7219
tik,718,1,3,252.8685,435.9995,96.3396,0.172
tik,718,1,4,252.868,436.169,83.8827,0.169
tik,718,1,5,253.735,436.3395,5.757,1.7247
tik,718,1,6,254.619,436.3425,107.2968,0.1749
tik,718,1,7,254.654,436.172,95.9075,0.1749
tik,719,0,0,254.519,438.725,102.0316,0.1247
tik,719,0,1,254.566,438.8355,78.7872,0.3497
tik,719,0,2,254.566,438.9575,55.5185,0.1201
tik,720,0,0,254.018,440.221,5.3817,0.2772
tik,720,0,1,253.547,441.272,120.4004,2.4069
tik,720,0,2,252.9025,442.2365,64.2205,0.1633
tik,720,0,3,252.777,442.2815,127.2154,0.2976
tik,720,0,4,252.6865,441.498,89.968,1.804
tik,720,0,5,252.776,440.709,51.465,0.2889
tik,720,0,6,252.9015,440.7515,116.7335,0.1579
tik,720,0,7,253.326,440.4495,149.2418,0.9054
tik,720,0,8,253.7975,440.213,176.5335,0.1653
tik,720,1,0,251.143,441.5755,83.7068,0.1459
tik,720,1,1,251.1725,441.717,72.6936,0.1445
tik,720,1,2,251.901,441.713,174.1051,1.4215
tik,720,1,3,252.6165,441.5715,97.0724,0.1381
tik,720,1,4,252.6165,441.434,82.9779,0.139
tik,720,1,5,251.901,441.292,5.8949,1.4215
tik,720,1,6,251.1725,441.288,107.3064,0.1445
tik,720,1,7,251.143,441.43,96.2508,0.1469
tik,720,2,0,253.104,441.582,84.2209,0.1588
tik,720,2,1,253.1345,441.7365,73.406,0.1576
tik,720,2,2,253.903,441.7345,174.069,1.5
tik,720,2,3,254.657,441.5795,95.8959,0.1558
tik,720,2,4,254.657,441.4245,84.1041,0.1558
tik,720,2,5,253.9025,441.27,5.8894,1.5009
tik,720,2,6,253.134,441.2685,106.2478,0.1573
tik,720,2,7,253.104,441.4235,95.7433,0.1598
tik,721,0,0,267.0985,268.5095,179.9847,3.765
tik,721,0,1,268.981,268.744,90.0,0.47
tik,721,0,2,266.8635,268.98,179.9728,4.235
tik,721,0,3,264.7455,268.5225,89.9371,0.917
tik,721,0,4,264.9805,267.917,148.03,0.5552
tik,722,0,0,267.1005,272.0345,179.9847,3.765
tik,722,0,1,268.983,272.269,90.0,0.47
tik,722,0,2,266.8655,272.505,179.9728,4.235
tik,722,0,3,264.748,272.0475,90.0,0.917
tik,722,0,4,264.983,271.442,147.9749,0.5544
tik,723,0,0,269.1155,274.7815,157.0568,1.6495
tik,723,0,1,269.939,274.6205,68.2625,0.3456
tik,723,0,2,269.265,275.17,152.207,1.6685
tik,724,0,0,267.1015,277.4515,179.9847,3.765
tik,724,0,1,268.984,277.686,90.0,0.47
tik,724,0,2,266.8665,277.922,179.9728,4.235
tik,724,0,3,264.7485,277.4645,89.9371,0.917
tik,724,0,4,264.9835,276.859,148.03,0.5552
tik,725,0,0,269.0555,281.27,94.3803,0.1966
tik,725,0,1,269.026,281.4575,103.8038,0.1843
tik,725,0,2,266.8065,281.4585,2.3062,4.3986
tik,725,0,3,264.601,281.2715,85.3591,0.1976
tik,725,0,4,264.601,281.0745,94.6402,0.1977
tik,725,0,5,266.8065,280.886,177.6548,4.3987
tik,725,0,6,269.026,280.886,76.2705,0.1853
tik,725,0,7,269.0555,281.074,85.6197,0.1966
tik,725,1,0,265.07,281.2415,84.1618,0.1377
tik,725,1,1,265.0965,281.3725,72.6715,0.1309
tik,725,1,2,266.848,281.372,177.9167,3.4663
tik,725,1,3,268.5865,281.2405,95.4211,0.1376
tik,725,1,4,268.5865,281.1035,84.5789,0.1376
tik,725,1,5,266.8475,280.973,2.0494,3.4672
tik,725,1,6,265.096,280.9735,106.9069,0.1306
tik,725,1,7,265.07,281.1045,95.8382,0.1377
tik,726,0,0,269.0565,284.795,94.3803,0.1966
tik,726,0,1,269.027,284.9825,103.8038,0.1843
tik,726,0,2,266.8075,284.9835,2.3062,4.3986
tik,726,0,3,264.602,284.7965,85.3591,0.1976
tik,726,0,4,264.602,284.5995,94.6402,0.1977
tik,726,0,5,266.8075,284.411,177.6548,4.3987
tik,726,0,6,269.027,284.411,76.2705,0.1853
tik,726,0,7,269.0565,284.599,85.6197,0.1966
tik,726,1,0,265.071,284.7665,84.1618,0.1377
tik,726,1,1,265.0975,284.8975,72.6715,0.1309
tik,726,1,2,266.849,284.897,177.9167,3.4663
tik,726,1,3,268.5875,284.7655,95.4211,0.1376
tik,726,1,4,268.5875,284.6285,84.5789,0.1376
tik,726,1,5,266.8485,284.498,2.0494,3.4672
tik,726,1,6,265.097,284.4985,106.9069,0.1306
tik,726,1,7,265.071,284.6295,95.8382,0.1377
tik,727,0,0,268.2465,289.0155,141.6572,1.8908
tik,727,0,1,268.988,288.735,90.0,0.612
tik,727,0,2,268.4285,289.459,143.2365,1.3968
tik,727,0,3,268.429,290.309,37.6482,1.4145
tik,727,0,4,268.989,291.036,90.0,0.59
tik,727,0,5,268.247,290.767,37.2384,1.864
tik,727,0,6,266.9135,290.686,140.7671,1.5273
tik,727,0,7,266.322,290.863,90.0,0.612
tik,727,0,8,266.734,290.2175,140.5113,1.0677
tik,727,0,9,266.734,289.5665,37.091,1.033
tik,727,0,10,266.322,288.957,90.0,0.596
tik,728,0,0,267.646,295.4165,141.5687,2.2314
tik,728,0,1,266.18,294.9535,62.892,2.5984
tik,728,0,2,265.726,293.772,169.728,0.2805
tik,728,0,3,265.864,294.0125,90.0,0.531
tik,728,0,4,265.7845,294.2905,171.0663,0.1609
tik,728,0,5,266.1915,294.9285,52.1254,1.5848
tik,728,0,6,267.8335,294.6215,141.0963,2.9697
tik,728,0,7,268.9895,295.0455,89.9787,2.713
tik,728,0,8,268.755,296.402,0.0,0.47
tik,729,0,0,269.0615,298.653,94.3803,0.1966
tik,729,0,1,269.032,298.8405,103.8038,0.1843
tik,729,0,2,266.8125,298.8415,2.3062,4.3986
tik,729,0,3,264.607,298.6545,85.3591,0.1976
tik,729,0,4,264.607,298.4575,94.6402,0.1977
tik,729,0,5,266.8125,298.269,177.6548,4.3987
tik,729,0,6,269.032,298.269,76.2705,0.1853
tik,729,0,7,269.0615,298.457,85.6197,0.1966
tik,729,1,0,265.076,298.6245,84.1618,0.1377
tik,729,1,1,265.1025,298.7555,72.6715,0.1309
tik,729,1,2,266.854,298.755,177.9167,3.4663
tik,729,1,3,268.5925,298.6235,95.4211,0.1376
tik,729,1,4,268.5925,298.486,84.6183,0.1386
tik,729,1,5,266.854,298.3555,2.0334,3.4662
tik,729,1,6,265.1025,298.3565,107.3285,0.1309
tik,729,1,7,265.0765,298.4875,95.4211,0.1376
tik,730,0,0,269.0625,302.178,94.3803,0.1966
tik,730,0,1,269.033,302.3655,103.8038,0.1843
tik,730,0,2,266.8135,302.3665,2.3062,4.3986
tik,730,0,3,264.608,302.1795,85.3591,0.1976
tik,730,0,4,264.608,301.9825,94.6402,0.1977
tik,730,0,5,266.8135,301.7945,177.6679,4.3987
tik,730,0,6,269.033,301.7945,76.1962,0.1843
tik,730,0,7,269.0625,301.982,85.6197,0.1966
tik,730,1,0,265.077,302.1495,84.1618,0.1377
tik,730,1,1,265.1035,302.2805,72.6715,0.1309
tik,730,1,2,266.855,302.28,177.9167,3.4663
tik,730,1,3,268.5935,302.1485,95.4211,0.1376
tik,730,1,4,268.5935,302.0115,84.5789,0.1376
tik,730,1,5,266.855,301.881,2.05,3.4662
tik,730,1,6,265.1035,301.8815,107.3285,0.1309
tik,730,1,7,265.0775,302.0125,95.4211,0.1376
tik,731,0,0,166.1865,296.911,49.0175,3.7647
tik,731,0,1,165.1295,295.3355,138.9635,0.4706
tik,731,0,2,166.6955,296.7795,49.0215,4.2347
tik,731,0,3,167.7385,298.679,138.9364,0.9165
tik,731,0,4,167.1275,298.8985,17.0671,0.5555
tik,732,0,0,167.789,292.9325,143.4796,0.1966
tik,732,0,1,167.95,292.832,152.8832,0.1843
tik,732,0,2,169.406,294.5075,51.3402,4.3989
tik,732,0,3,170.711,296.2955,134.3858,0.1973
tik,732,0,4,170.562,296.4245,143.8235,0.1982
tik,732,0,5,168.9735,294.8825,46.6952,4.3987
tik,732,0,6,167.5185,293.2065,125.3257,0.185
tik,732,0,7,167.641,293.061,134.5849,0.1966
tik,732,1,0,170.3805,295.96,133.5298,0.1379
tik,732,1,1,170.4625,295.8545,121.8678,0.1307
tik,732,1,2,169.3135,294.5325,46.9405,3.4668
tik,732,1,3,168.074,293.306,144.4564,0.1376
tik,732,1,4,167.9705,293.396,133.5386,0.1379
tik,732,1,5,169.012,294.7945,51.077,3.4666
tik,732,1,6,170.1605,296.1165,155.9871,0.1303
tik,732,1,7,170.2765,296.0505,145.0402,0.1379
tik,733,0,0,169.6,291.276,26.0997,1.6503
tik,733,0,1,168.9385,290.7595,117.3816,0.3457
tik,733,0,2,169.7955,290.9085,21.2589,1.6685
tik,734,0,0,171.878,289.3795,143.4796,0.1966
tik,734,0,1,172.039,289.279,152.8832,0.1843
tik,734,0,2,173.4945,290.9545,51.3504,4.3983
tik,734,0,3,174.799,292.7425,134.3858,0.1973
tik,734,0,4,174.6505,292.8715,143.6509,0.1974
tik,734,0,5,173.0625,291.3295,46.6952,4.3987
tik,734,0,6,171.6075,289.6535,125.3257,0.185
tik,734,0,7,171.73,289.508,134.5849,0.1966
tik,734,1,0,174.4695,292.407,133.5298,0.1379
tik,734,1,1,174.5515,292.3015,121.8678,0.1307
tik,734,1,2,173.4025,290.9795,46.9405,3.4668
tik,734,1,3,172.163,289.753,144.4564,0.1376
tik,734,1,4,172.0595,289.843,133.5386,0.1379
tik,734,1,5,173.101,291.2415,51.077,3.4666
tik,734,1,6,174.2495,292.5635,155.9871,0.1303
tik,734,1,7,174.3655,292.4975,145.0402,0.1379
tik,735,0,0,174.54,287.0675,143.4796,0.1966
tik,735,0,1,174.701,286.967,152.8832,0.1843
tik,735,0,2,176.157,288.6425,51.3402,4.3989
tik,735,0,3,177.462,290.4305,134.3858,0.1973
tik,735,0,4,177.313,290.5595,143.8235,0.1982
tik,735,0,5,175.7245,289.0175,46.6952,4.3987
tik,735,0,6,174.2695,287.3415,125.3257,0.185
tik,735,0,7,174.392,287.196,134.5849,0.1966
tik,735,1,0,177.131,290.095,133.225,0.1372
tik,735,1,1,177.2125,289.9895,121.8678,0.1307
tik,735,1,2,176.064,288.6675,46.9526,3.4661
tik,735,1,3,174.825,287.441,144.4564,0.1376
tik,735,1,4,174.7215,287.531,133.5386,0.1379
tik,735,1,5,175.763,288.9295,51.077,3.4666
tik,735,1,6,176.9115,290.2515,155.9871,0.1303
tik,735,1,7,177.0275,290.1855,145.0402,0.1379
tik,736,0,0,177.201,284.7565,143.4796,0.1966
tik,736,0,1,177.362,284.656,152.8832,0.1843
tik,736,0,2,178.8175,286.3315,51.3504,4.3983
tik,736,0,3,180.122,288.1195,134.3858,0.1973
tik,736,0,4,179.9735,288.2485,143.6509,0.1974
tik,736,0,5,178.3855,286.7065,46.6952,4.3987
tik,736,0,6,176.9305,285.0305,125.3257,0.185
tik,736,0,7,177.053,284.885,134.5849,0.1966
tik,736,1,0,179.7925,287.784,133.5298,0.1379
tik,736,1,1,179.8745,287.6785,121.8678,0.1307
tik,736,1,2,178.7255,286.3565,46.9405,3.4668
tik,736,1,3,177.486,285.13,144.4564,0.1376
tik,736,1,4,177.3825,285.22,133.5386,0.1379
tik,736,1,5,178.424,286.6185,51.077,3.4666
tik,736,1,6,179.5725,287.9405,155.9871,0.1303
tik,736,1,7,179.6885,287.874,144.709,0.1384
tik,737,0,0,180.919,282.6015,10.6982,1.8909
tik,737,0,1,180.221,282.2255,139.0434,0.6118
tik,737,0,2,181.1345,282.1735,12.2764,1.3969
tik,737,0,3,181.7765,281.616,86.7171,1.4143
tik,737,0,4,181.9585,280.7165,138.9877,0.5897
tik,737,0,5,182.2415,281.453,86.2778,1.8639
tik,737,0,6,183.0545,282.513,9.8019,1.5273
tik,737,0,7,183.576,282.8435,139.0434,0.6118
tik,737,0,8,182.818,282.9555,9.5329,1.0688
tik,737,0,9,182.326,283.3825,86.1155,1.0334
tik,737,0,10,182.1365,284.0935,138.9508,0.5954
tik,738,0,0,186.1465,278.8585,10.6152,2.2312
tik,738,0,1,186.758,280.2685,111.9323,2.5969
tik,738,0,2,186.1635,281.3855,38.6296,0.2804
tik,738,0,3,186.254,281.124,138.978,0.5302
tik,738,0,4,186.516,281.002,39.9896,0.1618
tik,738,0,5,186.731,280.276,101.1257,1.5858
tik,738,0,6,185.4225,279.2365,10.1445,2.9694
tik,738,0,7,184.985,278.0855,139.0209,2.7128
tik,738,0,8,186.1635,277.3735,48.9633,0.4707
tik,739,0,0,187.662,275.6685,143.4796,0.1966
tik,739,0,1,187.823,275.568,152.8832,0.1843
tik,739,0,2,189.2785,277.2435,51.3504,4.3983
tik,739,0,3,190.583,279.0315,134.3858,0.1973
tik,739,0,4,190.4345,279.1605,143.6509,0.1974
tik,739,0,5,188.8465,277.6185,46.6952,4.3987
tik,739,0,6,187.3915,275.9425,125.3257,0.185
tik,739,0,7,187.514,275.797,134.5849,0.1966
tik,739,1,0,190.2535,278.696,133.5298,0.1379
tik,739,1,1,190.3355,278.5905,121.8678,0.1307
tik,739,1,2,189.1865,277.2685,46.9405,3.4668
tik,739,1,3,187.947,276.042,144.4564,0.1376
tik,739,1,4,187.8435,276.132,133.5386,0.1379
tik,739,1,5,188.885,277.5305,51.077,3.4666
tik,739,1,6,190.0335,278.8525,155.9871,0.1303
tik,739,1,7,190.1495,278.7865,145.0402,0.1379
tik,740,0,0,190.323,273.3565,143.4796,0.1966
tik,740,0,1,190.484,273.256,152.8832,0.1843
tik,740,0,2,191.9395,274.9315,51.3504,4.3983
tik,740,0,3,193.244,276.7195,134.3858,0.1973
tik,740,0,4,193.0955,276.8485,143.6509,0.1974
tik,740,0,5,191.5075,275.3065,46.6952,4.3987
tik,740,0,6,190.0525,273.6305,125.3257,0.185
tik,740,0,7,190.175,273.485,134.5849,0.1966
tik,740,1,0,192.914,276.384,133.225,0.1372
tik,740,1,1,192.9955,276.2785,121.8678,0.1307
tik,740,1,2,191.847,274.9565,46.9526,3.4661
tik,740,1,3,190.608,273.73,144.4564,0.1376
tik,740,1,4,190.5045,273.82,133.5386,0.1379
tik,740,1,5,191.546,275.219,51.0875,3.4674
tik,740,1,6,192.6945,276.5415,155.9871,0.1303
tik,740,1,7,192.8105,276.475,144.6987,0.1385
tik,741,0,0,172.628,398.8375,90.0,3.765
tik,741,0,1,172.863,396.955,0.0,0.47
tik,741,0,2,173.098,399.0725,90.0,4.235
tik,741,0,3,172.64,401.19,0.0,0.916
tik,741,0,4,172.035,400.955,57.9722,0.5544
tik,742,0,0,176.735,398.3005,51.6047,2.2316
tik,742,0,1,176.2715,399.766,152.9317,2.5975
tik,742,0,2,175.09,400.219,79.7311,0.2805
tik,742,0,3,175.3305,400.081,0.0,0.531
tik,742,0,4,175.6085,400.161,81.1217,0.1619
tik,742,0,5,176.2465,399.7545,142.125,1.5849
tik,742,0,6,175.9405,398.112,51.1381,2.9692
tik,742,0,7,176.365,396.956,0.0,2.712
tik,742,0,8,177.721,397.191,90.0,0.47
tik,743,0,0,181.189,400.955,90.0,0.47
tik,743,0,1,180.353,401.19,0.0,1.672
tik,743,0,2,179.189,400.1005,73.2452,2.2756
tik,743,0,3,178.912,399.011,0.0,0.102
tik,743,0,4,179.0435,399.09,44.4629,0.2256
tik,743,0,5,179.9495,398.7765,154.5703,1.8281
tik,743,0,6,180.765,398.28,84.5067,0.209
tik,743,0,7,180.7255,398.0795,73.0037,0.2018
tik,743,0,8,179.825,397.854,8.4244,1.761
tik,743,0,9,178.9105,397.785,125.945,0.1482
tik,743,0,10,178.836,397.91,115.4954,0.144
tik,743,0,11,178.607,397.79,43.0571,0.542
tik,743,0,12,178.462,397.523,122.8767,0.1953
tik,743,0,13,179.2165,398.6495,59.8661,2.7947
tik,743,0,14,179.7685,399.8495,3.2537,0.2995
tik,743,0,15,179.7515,400.2805,73.2221,0.9181
tik,744,0,0,183.496,396.8855,4.3762,0.1966
tik,744,0,1,183.6835,396.915,13.8119,0.1843
tik,744,0,2,183.684,399.1345,92.3192,4.3986
tik,744,0,3,183.4965,401.34,175.355,0.1977
tik,744,0,4,183.2995,401.34,4.645,0.1977
tik,744,0,5,183.112,399.1345,87.6808,4.3986
tik,744,0,6,183.1125,396.915,166.1881,0.1843
tik,744,0,7,183.3,396.8855,175.6238,0.1966
tik,744,1,0,183.4665,400.871,174.1618,0.1377
tik,744,1,1,183.5975,400.845,163.0931,0.1306
tik,744,1,2,183.5975,399.0935,87.9339,3.4673
tik,744,1,3,183.4665,397.3545,5.4211,0.1376
tik,744,1,4,183.329,397.3545,174.6183,0.1386
tik,744,1,5,183.198,399.0935,92.0494,3.4672
tik,744,1,6,183.198,400.845,17.0363,0.1297
tik,744,1,7,183.329,400.871,5.7959,0.1387
tik,745,0,0,173.353,403.356,0.0,2.306
tik,745,0,1,174.506,403.591,90.0,0.47
tik,745,0,2,173.6275,403.826,0.0,1.757
tik,745,0,3,172.749,404.65,90.0,1.648
tik,745,0,4,173.6015,405.474,0.0,1.705
tik,745,0,5,174.454,405.709,90.0,0.47
tik,745,0,6,173.6015,405.944,0.0,1.705
tik,745,0,7,172.749,406.5325,90.0,1.177
tik,745,0,8,173.6275,407.121,0.0,1.757
tik,745,0,9,174.506,407.356,90.0,0.47
tik,745,0,10,173.353,407.591,0.0,2.306
tik,746,0,0,175.6785,407.592,0.0,0.549
tik,746,0,1,175.404,405.4745,90.0,4.235
tik,746,0,2,176.325,403.357,0.0,1.842
tik,746,0,3,177.246,403.592,90.0,0.47
tik,746,0,4,176.5995,403.827,0.0,1.293
tik,747,0,0,178.991,403.356,0.0,2.306
tik,747,0,1,180.144,403.591,90.0,0.47
tik,747,0,2,179.2655,403.826,0.0,1.757
tik,747,0,3,178.387,404.65,90.0,1.648
tik,747,0,4,179.2395,405.474,0.0,1.705
tik,747,0,5,180.092,405.709,90.0,0.47
tik,747,0,6,179.2395,405.944,0.0,1.705
tik,747,0,7,178.387,406.5325,90.0,1.177
tik,747,0,8,179.2655,407.121,0.0,1.757
tik,747,0,9,180.144,407.356,90.0,0.47
tik,747,0,10,178.991,407.591,0.0,2.306
tik,748,0,0,180.8615,407.592,0.0,0.579
tik,748,0,1,181.495,405.3675,112.5347,4.8168
tik,748,0,2,183.338,405.3675,67.5312,4.8145
tik,748,0,3,183.968,407.592,0.0,0.58
tik,748,0,4,183.048,406.0335,67.9898,3.362
tik,749,0,0,212.721,452.728,90.0,0.47
tik,749,0,1,211.681,452.963,0.0,2.08
tik,749,0,2,210.641,450.8455,90.0,4.235
tik,749,0,3,210.916,448.728,0.0,0.55
tik,749,0,4,211.191,449.787,90.0,2.118
tik,749,0,5,211.9305,450.846,0.0,1.479
tik,749,0,6,212.67,451.081,90.0,0.47
tik,749,0,7,211.9305,451.316,0.0,1.479
tik,749,0,8,211.191,451.9045,90.0,1.177
tik,750,0,0,213.8537,452.963,0.0,0.5494
tik,750,0,1,214.1284,450.8455,90.0,4.235
tik,750,0,2,213.8537,448.728,0.0,0.5494
tik,750,0,3,213.579,450.8455,90.0,4.235
tik,751,0,0,216.6045,450.6105,12.3913,0.2283
tik,751,0,1,216.2655,451.799,111.1578,2.4963
tik,751,0,2,215.4825,452.963,0.0,0.665
tik,751,0,3,215.15,450.8455,90.0,4.235
tik,751,0,4,215.4245,448.728,0.0,0.549
tik,751,0,5,215.699,449.63,90.0,1.804
tik,751,0,6,215.812,450.532,0.0,0.226
tik,751,0,7,216.5615,449.63,125.2087,2.2079
tik,751,0,8,217.5115,448.728,0.0,0.627
tik,751,0,9,217.159,449.657,125.6367,2.2861
tik,751,1,0,215.7715,452.493,0.0,0.145
tik,751,1,1,215.8585,451.748,91.1153,1.4903
tik,751,1,2,215.786,451.003,0.0,0.174
tik,751,1,3,215.699,451.748,90.0,1.49
tik,752,0,0,219.63,448.728,0.0,2.306
tik,752,0,1,220.783,448.963,90.0,0.47
tik,752,0,2,219.9045,449.198,0.0,1.757
tik,752,0,3,219.026,450.022,90.0,1.648
tik,752,0,4,219.8785,450.846,0.0,1.705
tik,752,0,5,220.731,451.081,90.0,0.47
tik,752,0,6,219.8785,451.316,0.0,1.705
tik,752,0,7,219.026,451.9045,90.0,1.177
tik,752,0,8,219.9045,452.493,0.0,1.757
tik,752,0,9,220.783,452.728,90.0,0.47
tik,752,0,10,219.63,452.963,0.0,2.306
tik,753,0,0,224.013,448.728,0.0,0.88
tik,753,0,1,224.4615,450.8455,89.77,4.235
tik,753,0,2,224.0215,452.963,0.0,0.897
tik,753,0,3,223.573,450.8455,90.0,4.235
tik,753,1,0,224.2145,452.493,0.0,0.185
tik,753,1,1,224.307,450.8455,90.0,3.295
tik,753,1,2,224.2145,449.198,0.0,0.185
tik,753,1,3,224.122,450.845,90.0,3.294
tik,754,0,0,228.743,448.728,0.0,2.306
tik,754,0,1,229.896,448.963,90.0,0.47
tik,754,0,2,229.0175,449.198,0.0,1.757
tik,754,0,3,228.139,450.022,90.0,1.648
tik,754,0,4,228.9915,450.846,0.0,1.705
tik,754,0,5,229.844,451.081,90.0,0.47
tik,754,0,6,228.9915,451.316,0.0,1.705
tik,754,0,7,228.139,451.9045,90.0,1.177
tik,754,0,8,229.0175,452.493,0.0,1.757
tik,754,0,9,229.896,452.728,90.0,0.47
tik,754,0,10,228.743,452.963,0.0,2.306
tik,755,0,0,231.4985,450.532,0.0,0.313
tik,755,0,1,231.539,451.748,95.4494,2.443
tik,755,0,2,231.108,452.964,0.0,0.63
tik,755,0,3,230.793,450.8465,90.0,4.235
tik,755,0,4,231.0675,448.729,0.0,0.549
tik,755,0,5,231.342,449.6305,90.0,1.803
tik,755,1,0,231.4145,452.493,0.0,0.145
tik,755,1,1,231.5015,451.748,91.1147,1.4903
tik,755,1,2,231.429,451.003,0.0,0.174
tik,755,1,3,231.342,451.748,90.0,1.49
tik,756,0,0,235.5305,452.493,0.0,1.011
tik,756,0,1,236.036,452.728,90.0,0.47
tik,756,0,2,234.7505,452.963,0.0,2.571
tik,756,0,3,233.465,452.728,90.0,0.47
tik,756,0,4,233.971,452.493,0.0,1.012
tik,756,0,5,234.477,450.6105,90.0,3.765
tik,756,0,6,234.751,448.728,0.0,0.548
tik,757,0,0,346.185,305.9745,179.6963,0.19
tik,757,0,1,345.8315,305.413,51.3583,1.4365
tik,757,0,2,345.3665,304.926,102.5676,0.1516
tik,757,0,3,345.093,305.0,0.0,0.514
tik,757,0,4,344.855,304.876,98.7107,0.2509
tik,757,0,5,345.9515,305.4315,32.2362,2.5477
tik,757,0,6,346.9605,306.155,147.2809,0.1628
tik,757,0,7,346.9975,306.2915,41.2434,0.2806
tik,757,0,8,346.0475,306.94,152.2213,2.386
tik,757,0,9,344.9655,307.372,77.9341,0.2536
tik,757,0,10,345.2015,307.248,0.0,0.525
tik,757,0,11,345.479,307.3135,77.1,0.1344
tik,757,0,12,345.867,306.917,128.9167,1.1875
tik,757,0,13,346.1565,306.4505,3.0859,0.1672
tik,758,0,0,351.005,307.935,90.0,0.47
tik,758,0,1,350.169,308.1705,179.9655,1.672
tik,758,0,2,349.005,307.081,73.2526,2.2766
tik,758,0,3,348.728,305.991,0.0,0.102
tik,758,0,4,348.8595,306.07,44.4629,0.2256
tik,758,0,5,349.7655,305.7565,154.5703,1.8281
tik,758,0,6,350.581,305.26,84.5109,0.209
tik,758,0,7,350.5415,305.0595,72.9954,0.2018
tik,758,0,8,349.641,304.834,8.4246,1.761
tik,758,0,9,348.7265,304.765,125.945,0.1482
tik,758,0,10,348.652,304.89,115.5009,0.144
tik,758,0,11,348.423,304.77,43.0559,0.5419
tik,758,0,12,348.278,304.503,122.873,0.1953
tik,758,0,13,349.0325,305.629,59.8553,2.7938
tik,758,0,14,349.5845,306.829,3.0613,0.2994
tik,758,0,15,349.5675,307.2605,73.2221,0.9181
tik,759,0,0,357.386,305.2795,51.605,2.2316
tik,759,0,1,356.9225,306.745,152.9316,2.5975
tik,759,0,2,355.741,307.198,79.7342,0.2805
tik,759,0,3,355.9815,307.06,0.0,0.531
tik,759,0,4,356.2595,307.14,81.111,0.1619
tik,759,0,5,356.8975,306.7335,142.1247,1.5848
tik,759,0,6,356.591,305.091,51.1236,2.9698
tik,759,0,7,357.0155,303.935,0.0,2.713
tik,759,0,8,358.372,304.17,90.0,0.47
tik,760,0,0,361.84,307.935,90.0,0.47
tik,760,0,1,361.004,308.1705,179.9655,1.672
tik,760,0,2,359.84,307.081,73.2526,2.2766
tik,760,0,3,359.563,305.991,0.0,0.102
tik,760,0,4,359.6945,306.07,44.4629,0.2256
tik,760,0,5,360.6005,305.7565,154.5703,1.8281
tik,760,0,6,361.416,305.26,84.5109,0.209
tik,760,0,7,361.3765,305.0595,72.9954,0.2018
tik,760,0,8,360.4755,304.834,8.4198,1.762
tik,760,0,9,359.561,304.7645,125.8575,0.1468
tik,760,0,10,359.487,304.889,115.5009,0.144
tik,760,0,11,359.258,304.7695,42.978,0.5413
tik,760,0,12,359.113,304.503,122.873,0.1953
tik,760,0,13,359.8675,305.629,59.8553,2.7938
tik,760,0,14,360.419,306.8285,3.2428,0.3005
tik,760,0,15,360.4015,307.26,73.2403,0.919
tik,761,0,0,362.918,307.567,67.1657,1.6492
tik,761,0,1,362.761,306.7435,158.7146,0.3499
tik,761,0,2,363.3105,307.418,62.3583,1.6662
tik,762,0,0,364.9325,303.935,0.0,0.549
tik,762,0,1,365.207,305.531,90.0,3.192
tik,762,0,2,366.7755,305.4435,132.9749,4.6019
tik,762,0,3,368.344,305.965,90.0,4.41
tik,762,0,4,368.0695,308.17,0.0,0.549
tik,762,0,5,367.795,306.6245,90.0,3.091
tik,762,0,6,366.2265,306.726,133.6017,4.5487
tik,763,0,0,346.573,491.1565,179.6986,0.19
tik,763,0,1,346.2195,490.595,51.3588,1.4365
tik,763,0,2,345.7545,490.108,102.5657,0.1516
tik,763,0,3,345.481,490.182,0.0,0.514
tik,763,0,4,345.243,490.0575,98.6757,0.2519
tik,763,0,5,346.3395,490.6125,32.2367,2.5477
tik,763,0,6,347.3485,491.336,147.2854,0.1628
tik,763,0,7,347.386,491.4725,41.1082,0.2814
tik,763,0,8,346.436,492.121,152.2325,2.3869
tik,763,0,9,345.3535,492.5535,77.8871,0.2526
tik,763,0,10,345.5895,492.43,0.0,0.525
tik,763,0,11,345.867,492.4955,77.1014,0.1344
tik,763,0,12,346.2555,492.0985,128.9235,1.189
tik,763,0,13,346.5455,491.6315,3.0833,0.1672
tik,764,0,0,351.393,493.118,90.0,0.47
tik,764,0,1,350.557,493.353,0.0,1.672
tik,764,0,2,349.393,492.2635,73.2452,2.2756
tik,764,0,3,349.116,491.174,0.0,0.102
tik,764,0,4,349.2475,491.253,44.4588,0.2256
tik,764,0,5,350.1535,490.9395,154.5705,1.8281
tik,764,0,6,350.969,490.443,84.5107,0.209
tik,764,0,7,350.9295,490.2425,72.996,0.2018
tik,764,0,8,350.029,490.017,8.4248,1.761
tik,764,0,9,349.1145,489.948,125.9432,0.1482
tik,764,0,10,349.04,490.073,115.5022,0.144
tik,764,0,11,348.811,489.953,43.0559,0.5419
tik,764,0,12,348.666,489.686,122.873,0.1953
tik,764,0,13,349.4205,490.812,59.8555,2.7938
tik,764,0,14,349.9725,492.0115,3.2537,0.2995
tik,764,0,15,349.9555,492.443,73.2401,0.919
tik,765,0,0,357.774,490.4625,51.6051,2.2316
tik,765,0,1,357.311,491.928,152.9216,2.5966
tik,765,0,2,356.13,492.381,79.728,0.2805
tik,765,0,3,356.37,492.243,0.0,0.53
tik,765,0,4,356.6475,492.323,81.111,0.1619
tik,765,0,5,357.2855,491.9165,142.1245,1.5848
tik,765,0,6,356.979,490.274,51.1236,2.9698
tik,765,0,7,357.4035,489.118,0.0,2.713
tik,765,0,8,358.76,489.353,90.0,0.47
tik,766,0,0,360.692,492.524,53.7484,2.4454
tik,766,0,1,359.887,491.41,57.3596,0.304
tik,766,0,2,360.362,490.161,116.4214,2.5035
tik,766,0,3,361.059,489.054,5.7106,0.2814
tik,766,0,4,361.3285,489.108,17.1651,0.2711
tik,766,0,5,361.2755,490.466,97.8833,2.6612
tik,766,0,6,360.9835,491.7705,7.0287,0.2207
tik,766,0,7,360.775,491.7205,20.2351,0.2111
tik,766,0,8,360.6705,491.6895,134.9801,0.0155
tik,766,0,9,361.2315,492.4875,54.4419,1.9483
tik,766,0,10,361.6065,493.395,149.0136,0.4468
tik,766,1,0,360.824,489.519,174.2257,0.1789
tik,766,1,1,360.651,489.555,162.1808,0.1765
tik,766,1,2,360.654,490.438,84.1973,1.7208
tik,766,1,3,360.827,491.304,6.634,0.1732
tik,766,1,4,360.997,491.305,173.8852,0.169
tik,766,1,5,361.167,490.4375,95.7214,1.7256
tik,766,1,6,361.17,489.553,17.3924,0.174
tik,766,1,7,361.0,489.5185,5.5792,0.1748
tik,767,0,0,363.306,492.75,67.1658,1.6492
tik,767,0,1,363.149,491.9265,158.7157,0.3499
tik,767,0,2,363.6985,492.601,62.3582,1.6662
tik,768,0,0,365.3215,489.117,0.0,0.549
tik,768,0,1,365.596,490.713,90.0,3.192
tik,768,0,2,367.1645,490.6255,132.9746,4.6019
tik,768,0,3,368.733,491.147,90.0,4.41
tik,768,0,4,368.4585,493.352,0.0,0.549
tik,768,0,5,368.184,491.8065,90.0,3.091
tik,768,0,6,366.6155,491.908,133.6014,4.5488
tik,769,0,0,261.0965,452.5685,89.9847,3.765
tik,769,0,1,260.862,454.451,0.0,0.47
tik,769,0,2,260.626,452.3335,89.9728,4.235
tik,769,0,3,261.0835,450.2155,179.938,0.917
tik,769,0,4,261.689,450.4505,58.0292,0.5552
tik,770,0,0,258.657,453.414,95.3817,0.2772
tik,770,0,1,257.606,452.943,30.4006,2.4069
tik,770,0,2,256.642,452.2985,154.3688,0.1641
tik,770,0,3,256.597,452.173,37.102,0.2984
tik,770,0,4,257.3805,452.0825,179.968,1.805
tik,770,0,5,258.17,452.172,141.4668,0.2889
tik,770,0,6,258.1275,452.2975,26.7285,0.1579
tik,770,0,7,258.4295,452.7215,59.2108,0.9045
tik,770,0,8,258.666,453.193,86.5493,0.1663
tik,770,1,0,257.3025,450.539,173.7061,0.1459
tik,770,1,1,257.161,450.5685,162.6936,0.1445
tik,770,1,2,257.165,451.297,84.1051,1.4215
tik,770,1,3,257.3065,452.0125,7.0732,0.138
tik,770,1,4,257.444,452.0125,172.9779,0.139
tik,770,1,5,257.586,451.297,95.8961,1.4215
tik,770,1,6,257.59,450.5685,17.3064,0.1445
tik,770,1,7,257.448,450.539,6.2495,0.1469
tik,770,2,0,257.296,452.5,174.2204,0.1588
tik,770,2,1,257.1415,452.5305,163.406,0.1576
tik,770,2,2,257.1435,453.299,84.069,1.5
tik,770,2,3,257.2985,454.053,5.8959,0.1558
tik,770,2,4,257.4535,454.053,174.1041,0.1558
tik,770,2,5,257.608,453.299,95.8939,1.4999
tik,770,2,6,257.6095,452.5305,16.594,0.1576
tik,770,2,7,257.4545,452.5,5.7422,0.1598
tik,771,0,0,253.4555,462.7265,141.6572,1.8908
tik,771,0,1,254.197,462.446,90.0,0.612
tik,771,0,2,253.6375,463.17,143.2369,1.3968
tik,771,0,3,253.638,464.02,37.6482,1.4145
tik,771,0,4,254.198,464.747,90.0,0.59
tik,771,0,5,253.456,464.478,37.2388,1.864
tik,771,0,6,252.123,464.397,140.7423,1.5265
tik,771,0,7,251.5315,464.574,89.9071,0.612
tik,771,0,8,251.9435,463.9285,140.5444,1.0685
tik,771,0,9,251.9435,463.2775,37.0585,1.0338
tik,771,0,10,251.531,462.668,90.0,0.596
tik,772,0,0,252.855,469.1285,141.5688,2.2314
tik,772,0,1,251.3895,468.6655,62.9123,2.598
tik,772,0,2,250.936,467.484,169.7326,0.2805
tik,772,0,3,251.074,467.7245,90.0,0.531
tik,772,0,4,250.994,468.0025,171.119,0.1619
tik,772,0,5,251.401,468.6405,52.0965,1.5855
tik,772,0,6,253.0435,468.3335,141.0962,2.9697
tik,772,0,7,254.199,468.7575,90.0,2.713
tik,772,0,8,253.964,470.114,0.0,0.47
tik,773,0,0,254.2705,472.364,94.3762,0.1966
tik,773,0,1,254.241,472.5515,103.8119,0.1843
tik,773,0,2,252.0215,472.5525,2.3063,4.3986
tik,773,0,3,249.816,472.3655,85.3548,0.1976
tik,773,0,4,249.816,472.1685,94.6452,0.1976
tik,773,0,5,252.0215,471.98,177.6547,4.3987
tik,773,0,6,254.241,471.98,76.2618,0.1853
tik,773,0,7,254.2705,472.168,85.6238,0.1966
tik,773,1,0,250.285,472.3355,84.1684,0.1377
tik,773,1,1,250.3115,472.4665,72.6715,0.1309
tik,773,1,2,252.063,472.466,177.9168,3.4663
tik,773,1,3,253.8015,472.3345,95.4208,0.1376
tik,773,1,4,253.8015,472.197,84.6183,0.1386
tik,773,1,5,252.063,472.0665,2.0336,3.4662
tik,773,1,6,250.3115,472.0675,107.3285,0.1309
tik,773,1,7,250.2855,472.1985,95.4144,0.1376
tik,774,0,0,254.2715,475.889,94.3762,0.1966
tik,774,0,1,254.242,476.0765,103.8119,0.1843
tik,774,0,2,252.0225,476.0775,2.3063,4.3986
tik,774,0,3,249.817,475.8905,85.3548,0.1976
tik,774,0,4,249.817,475.6935,94.6452,0.1976
tik,774,0,5,252.0225,475.5055,177.6677,4.3986
tik,774,0,6,254.242,475.5055,76.1881,0.1843
tik,774,0,7,254.2715,475.693,85.6238,0.1966
tik,774,1,0,250.286,475.8605,84.1684,0.1377
tik,774,1,1,250.3125,475.9915,72.6715,0.1309
tik,774,1,2,252.064,475.991,177.9168,3.4663
tik,774,1,3,253.8025,475.8595,95.4208,0.1376
tik,774,1,4,253.8025,475.7225,84.5792,0.1376
tik,774,1,5,252.064,475.592,2.0501,3.4662
tik,774,1,6,250.3125,475.5925,107.3285,0.1309
tik,774,1,7,250.286,475.7235,95.8316,0.1377
tik,775,0,0,246.5095,463.6335,179.9847,3.765
tik,775,0,1,248.392,463.868,90.0,0.47
tik,775,0,2,246.2745,464.104,179.973,4.235
tik,775,0,3,244.1565,463.6465,89.938,0.917
tik,775,0,4,244.3915,463.041,148.0265,0.5552
tik,776,0,0,248.4635,467.451,94.3762,0.1966
tik,776,0,1,248.434,467.6385,103.8119,0.1843
tik,776,0,2,246.2145,467.6395,2.3063,4.3986
tik,776,0,3,244.009,467.4525,85.3548,0.1976
tik,776,0,4,244.009,467.2555,94.6452,0.1976
tik,776,0,5,246.2145,467.067,177.6547,4.3987
tik,776,0,6,248.434,467.0665,76.1881,0.1843
tik,776,0,7,248.4635,467.254,85.6238,0.1966
tik,776,1,0,244.4785,467.4225,84.5856,0.1376
tik,776,1,1,244.5045,467.5535,72.6715,0.1309
tik,776,1,2,246.256,467.553,177.9168,3.4663
tik,776,1,3,247.9945,467.4215,95.4208,0.1376
tik,776,1,4,247.9945,467.2845,84.5792,0.1376
tik,776,1,5,246.256,467.154,2.0501,3.4662
tik,776,1,6,244.5045,467.154,107.4597,0.13
tik,776,1,7,244.4785,467.285,95.3754,0.1386
tik,777,0,0,248.4645,470.976,94.3762,0.1966
tik,777,0,1,248.435,471.1635,103.8119,0.1843
tik,777,0,2,246.2155,471.1645,2.3063,4.3986
tik,777,0,3,244.01,470.9775,85.3548,0.1976
tik,777,0,4,244.01,470.7805,94.6452,0.1976
tik,777,0,5,246.2155,470.592,177.6547,4.3987
tik,777,0,6,248.435,470.592,76.2618,0.1853
tik,777,0,7,248.4645,470.78,85.6238,0.1966
tik,777,1,0,244.479,470.9475,84.1684,0.1377
tik,777,1,1,244.5055,471.0785,72.6715,0.1309
tik,777,1,2,246.257,471.078,177.9168,3.4663
tik,777,1,3,247.9955,470.9465,95.4208,0.1376
tik,777,1,4,247.9955,470.809,84.6183,0.1386
tik,777,1,5,246.2565,470.6785,2.033,3.4672
tik,777,1,6,244.505,470.679,107.0418,0.1297
tik,777,1,7,244.479,470.81,95.7896,0.1387
tik,778,0,0,248.4655,474.501,94.3762,0.1966
tik,778,0,1,248.436,474.6885,103.8119,0.1843
tik,778,0,2,246.2165,474.6895,2.3063,4.3986
tik,778,0,3,244.011,474.5025,85.3548,0.1976
tik,778,0,4,244.011,474.3055,94.6452,0.1976
tik,778,0,5,246.2165,474.1175,177.6677,4.3986
tik,778,0,6,248.436,474.1175,76.1881,0.1843
tik,778,0,7,248.4655,474.305,85.6238,0.1966
tik,778,1,0,244.48,474.4725,84.1684,0.1377
tik,778,1,1,244.5065,474.6035,72.6715,0.1309
tik,778,1,2,246.258,474.603,177.9168,3.4663
tik,778,1,3,247.9965,474.4715,95.4208,0.1376
tik,778,1,4,247.9965,474.3345,84.5792,0.1376
tik,778,1,5,246.2575,474.204,2.0495,3.4672
tik,778,1,6,244.506,474.2045,106.9133,0.1307
tik,778,1,7,244.48,474.3355,95.8316,0.1377
tik,779,0,0,22.587,502.8345,90.0,3.765
tik,779,0,1,22.822,500.952,0.0,0.47
tik,779,0,2,23.057,503.0695,90.0,4.235
tik,779,0,3,22.599,505.187,0.0,0.916
tik,779,0,4,21.994,504.952,57.9727,0.5544
tik,780,0,0,26.112,502.8345,90.0,3.765
tik,780,0,1,26.347,500.952,0.0,0.47
tik,780,0,2,26.582,503.0695,90.0,4.235
tik,780,0,3,26.124,505.187,0.0,0.916
tik,780,0,4,25.519,504.952,57.9727,0.5544
tik,781,0,0,30.132,501.854,53.5818,2.4357
tik,781,0,1,30.937,502.9655,58.0532,0.3099
tik,781,0,2,30.462,504.2205,116.3709,2.508
tik,781,0,3,29.7645,505.33,5.6904,0.2824
tik,781,0,4,29.495,505.2755,17.4302,0.2704
tik,781,0,5,29.551,503.917,97.99,2.6618
tik,781,0,6,29.843,502.607,4.2755,0.2146
tik,781,0,7,30.0485,502.648,18.5226,0.2078
tik,781,0,8,30.153,502.6755,137.4834,0.0163
tik,781,0,9,29.5925,501.9215,52.8798,1.8774
tik,781,0,10,29.2175,501.0235,142.0212,0.4859
tik,781,1,0,29.8285,503.0785,174.1182,0.1659
tik,781,1,1,29.665,503.1125,162.5245,0.1698
tik,781,1,2,29.6715,503.9965,84.1804,1.7259
tik,781,1,3,29.852,504.864,5.5269,0.1869
tik,781,1,4,30.03,504.863,173.2913,0.1712
tik,781,1,5,30.1975,503.9985,95.5147,1.717
tik,781,1,6,30.1925,503.1165,17.4472,0.1834
tik,781,1,7,30.008,503.0795,5.5928,0.1949
tik,782,0,0,32.473,501.488,12.0309,0.1247
tik,782,0,1,32.5835,501.441,168.7864,0.3497
tik,782,0,2,32.7055,501.441,145.5155,0.1201
tik,783,0,0,34.9755,502.9405,58.2694,4.1774
tik,783,0,1,34.0825,501.019,144.7932,0.503
tik,783,0,2,35.612,503.031,58.4578,5.0619
tik,783,0,3,35.4065,505.188,0.0,3.059
tik,783,0,4,33.877,504.9525,90.0,0.471
tik,784,0,0,42.581,502.9905,179.6986,0.19
tik,784,0,1,42.2275,502.429,51.3589,1.4365
tik,784,0,2,41.7625,501.942,102.5699,0.1516
tik,784,0,3,41.489,502.016,0.0,0.514
tik,784,0,4,41.251,501.8915,98.6774,0.2519
tik,784,0,5,42.3475,502.4465,32.2367,2.5477
tik,784,0,6,43.3565,503.17,147.2869,0.1628
tik,784,0,7,43.394,503.3065,41.1087,0.2814
tik,784,0,8,42.444,503.955,152.2325,2.3869
tik,784,0,9,41.3615,504.3875,77.8888,0.2526
tik,784,0,10,41.5975,504.264,0.0,0.525
tik,784,0,11,41.875,504.3295,77.1014,0.1344
tik,784,0,12,42.2635,503.9325,128.9232,1.189
tik,784,0,13,42.5535,503.4655,3.0831,0.1672
tik,785,0,0,46.106,502.9905,179.6986,0.19
tik,785,0,1,45.7525,502.429,51.3589,1.4365
tik,785,0,2,45.2875,501.942,102.5699,0.1516
tik,785,0,3,45.014,502.016,0.0,0.514
tik,785,0,4,44.776,501.8915,98.6774,0.2519
tik,785,0,5,45.8725,502.4465,32.2367,2.5477
tik,785,0,6,46.8815,503.17,147.2869,0.1628
tik,785,0,7,46.9185,503.3065,41.2429,0.2806
tik,785,0,8,45.9685,503.955,152.2213,2.386
tik,785,0,9,44.886,504.3875,77.6674,0.2528
tik,785,0,10,45.122,504.264,0.0,0.526
tik,785,0,11,45.4,504.3295,77.1014,0.1344
tik,785,0,12,45.7885,503.9325,128.9232,1.189
tik,785,0,13,46.0785,503.4655,3.0831,0.1672
tik,786,0,0,50.925,504.952,90.0,0.47
tik,786,0,1,50.089,505.187,0.0,1.672
tik,786,0,2,48.925,504.0975,73.2453,2.2756
tik,786,0,3,48.648,503.008,0.0,0.102
tik,786,0,4,48.7795,503.087,44.4601,0.2256
tik,786,0,5,49.686,502.7735,154.5839,1.829
tik,786,0,6,50.5015,502.277,84.2349,0.2091
tik,786,0,7,50.4615,502.0765,73.0012,0.2018
tik,786,0,8,49.561,501.851,8.4247,1.761
tik,786,0,9,48.6465,501.7815,126.1689,0.1474
tik,786,0,10,48.572,501.906,115.4981,0.144
tik,786,0,11,48.343,501.7865,42.9783,0.5413
tik,786,0,12,48.198,501.52,122.8758,0.1953
tik,786,0,13,48.9525,502.646,59.8558,2.7938
tik,786,0,14,49.5045,503.8455,3.2538,0.2995
tik,786,0,15,49.4875,504.2765,73.223,0.9181
tik,787,0,0,52.251,501.488,12.0309,0.1247
tik,787,0,1,52.3615,501.441,168.7864,0.3497
tik,787,0,2,52.4835,501.441,145.5155,0.1201
tik,788,0,0,53.746,501.99,95.3817,0.2772
tik,788,0,1,54.797,502.4615,30.4209,2.4074
tik,788,0,2,55.761,503.1065,154.3722,0.1642
tik,788,0,3,55.806,503.232,37.1,0.2984
tik,788,0,4,55.023,503.322,0.0,1.804
tik,788,0,5,54.2335,503.232,141.34,0.2881
tik,788,0,6,54.2755,503.1065,26.7273,0.1579
tik,788,0,7,53.974,502.682,59.2968,0.9048
tik,788,0,8,53.738,502.2105,86.5324,0.1653
tik,788,1,0,55.1,504.8655,174.1343,0.1468
tik,788,1,1,55.242,504.8365,162.6907,0.1445
tik,788,1,2,55.2375,504.108,84.0648,1.4216
tik,788,1,3,55.0955,503.392,7.4872,0.1382
tik,788,1,4,54.9585,503.392,172.5126,0.1382
tik,788,1,5,54.8165,504.108,95.9353,1.4216
tik,788,1,6,54.812,504.8365,17.3093,0.1445
tik,788,1,7,54.954,504.8655,5.8657,0.1468
tik,788,2,0,55.1065,502.904,174.2542,0.1598
tik,788,2,1,55.261,502.874,163.6524,0.1563
tik,788,2,2,55.259,502.1055,84.1109,1.5009
tik,788,2,3,55.1045,501.3515,5.5272,0.1557
tik,788,2,4,54.949,501.3515,174.5078,0.1567
tik,788,2,5,54.794,502.1055,95.8891,1.5009
tik,788,2,6,54.7925,502.874,16.2455,0.1573
tik,788,2,7,54.9475,502.904,5.7458,0.1598
tik,789,0,0,24.5615,512.031,153.7094,0.28
tik,789,0,1,24.431,510.0185,89.8619,4.149
tik,789,0,2,24.5565,508.0055,25.2331,0.2885
tik,789,0,3,24.687,508.3815,90.0,0.629
tik,789,0,4,24.561,508.6005,37.1589,0.3162
tik,789,0,5,24.437,510.02,89.9243,3.03
tik,789,0,6,24.563,511.4435,143.5764,0.3082
tik,790,0,0,25.8355,512.091,0.0,0.549
tik,790,0,1,25.561,509.9735,90.0,4.235
tik,790,0,2,26.482,507.856,0.0,1.842
tik,790,0,3,27.403,508.091,90.0,0.47
tik,790,0,4,26.7565,508.326,0.0,1.293
tik,791,0,0,28.2705,507.856,0.0,0.549
tik,791,0,1,28.545,509.4515,90.0,3.191
tik,791,0,2,30.1135,509.364,132.9832,4.6012
tik,791,0,3,31.682,509.886,90.0,4.41
tik,791,0,4,31.4075,512.091,0.0,0.549
tik,791,0,5,31.133,510.5455,90.0,3.091
tik,791,0,6,29.5645,510.647,133.6015,4.5488
tik,792,0,0,35.6855,512.031,153.7094,0.28
tik,792,0,1,35.555,510.0185,89.8619,4.149
tik,792,0,2,35.6805,508.0055,25.2329,0.2885
tik,792,0,3,35.811,508.3815,90.0,0.629
tik,792,0,4,35.685,508.6005,37.1591,0.3162
tik,792,0,5,35.561,510.02,89.9244,3.03
tik,792,0,6,35.687,511.4435,143.5766,0.3082
tik,793,0,0,39.016,507.856,0.0,0.88
tik,793,0,1,39.4645,509.9735,89.77,4.235
tik,793,0,2,39.0245,512.091,0.0,0.897
tik,793,0,3,38.576,509.9735,90.0,4.235
tik,793,1,0,39.2175,511.621,0.0,0.185
tik,793,1,1,39.31,509.9735,90.0,3.295
tik,793,1,2,39.2175,508.326,0.0,0.185
tik,793,1,3,39.125,509.973,90.0,3.294
tik,794,0,0,43.746,507.856,0.0,2.306
tik,794,0,1,44.899,508.091,90.0,0.47
tik,794,0,2,44.0205,508.326,0.0,1.757
tik,794,0,3,43.142,509.1495,90.0,1.647
tik,794,0,4,43.9945,509.973,0.0,1.705
tik,794,0,5,44.847,510.2085,90.0,0.471
tik,794,0,6,43.9945,510.444,0.0,1.705
tik,794,0,7,43.142,511.0325,90.0,1.177
tik,794,0,8,44.0205,511.621,0.0,1.757
tik,794,0,9,44.899,511.856,90.0,0.47
tik,794,0,10,43.746,512.091,0.0,2.306
tik,795,0,0,46.0705,512.091,0.0,0.549
tik,795,0,1,45.796,509.9735,90.0,4.235
tik,795,0,2,46.717,507.856,0.0,1.842
tik,795,0,3,47.638,508.091,90.0,0.47
tik,795,0,4,46.9915,508.326,0.0,1.293
tik,796,0,0,22.587,516.6425,90.0,3.765
tik,796,0,1,22.822,514.76,0.0,0.47
tik,796,0,2,23.057,516.8775,90.0,4.235
tik,796,0,3,22.599,518.995,0.0,0.916
tik,796,0,4,21.994,518.76,57.9727,0.5544
tik,797,0,0,26.694,516.1045,51.6049,2.2316
tik,797,0,1,26.2305,517.57,152.9319,2.5975
tik,797,0,2,25.049,518.023,79.7319,0.2805
tik,797,0,3,25.2895,517.885,0.0,0.531
tik,797,0,4,25.5675,517.965,81.1197,0.1619
tik,797,0,5,26.2055,517.5585,142.125,1.5848
tik,797,0,6,25.899,515.916,51.1233,2.9698
tik,797,0,7,26.3235,514.76,0.0,2.713
tik,797,0,8,27.68,514.995,90.0,0.47
tik,798,0,0,29.637,516.6425,90.0,3.765
tik,798,0,1,29.872,514.76,0.0,0.47
tik,798,0,2,30.107,516.8775,90.0,4.235
tik,798,0,3,29.649,518.995,0.0,0.916
tik,798,0,4,29.044,518.76,57.9727,0.5544
tik,799,0,0,32.473,515.297,12.0309,0.1247
tik,799,0,1,32.5835,515.25,168.7864,0.3497
tik,799,0,2,32.7055,515.25,145.5155,0.1201
tik,800,0,0,33.969,515.799,95.3817,0.2772
tik,800,0,1,35.02,516.2705,30.4209,2.4074
tik,800,0,2,35.984,516.9155,154.3722,0.1642
tik,800,0,3,36.029,517.041,37.1,0.2984
tik,800,0,4,35.246,517.131,0.0,1.804
tik,800,0,5,34.4565,517.041,141.34,0.2881
tik,800,0,6,34.4985,516.9155,26.7273,0.1579
tik,800,0,7,34.197,516.491,59.2968,0.9048
tik,800,0,8,33.961,516.0195,86.5324,0.1653
tik,800,1,0,35.323,518.674,173.7464,0.1469
tik,800,1,1,35.465,518.6445,162.6907,0.1445
tik,800,1,2,35.4605,517.916,84.0648,1.4216
tik,800,1,3,35.3185,517.2005,7.0759,0.1381
tik,800,1,4,35.1815,517.2005,172.9239,0.138
tik,800,1,5,35.0395,517.916,95.9353,1.4216
tik,800,1,6,35.035,518.6445,17.3093,0.1445
tik,800,1,7,35.177,518.674,6.2536,0.1469
tik,800,2,0,35.3295,516.713,174.2542,0.1598
tik,800,2,1,35.484,516.683,163.6524,0.1563
tik,800,2,2,35.482,515.9145,84.1109,1.5009
tik,800,2,3,35.3275,515.1605,5.5272,0.1557
tik,800,2,4,35.172,515.1605,174.5078,0.1567
tik,800,2,5,35.017,515.9145,95.8891,1.5009
tik,800,2,6,35.0155,516.683,16.2455,0.1573
tik,800,2,7,35.1705,516.713,5.7458,0.1598
tik,801,0,0,42.947,516.1045,51.6048,2.2316
tik,801,0,1,42.4835,517.57,152.9319,2.5975
tik,801,0,2,41.302,518.023,79.7311,0.2805
tik,801,0,3,41.5425,517.885,0.0,0.531
tik,801,0,4,41.8205,517.965,81.1203,0.1619
tik,801,0,5,42.4585,517.5585,142.1251,1.5848
tik,801,0,6,42.152,515.916,51.1233,2.9698
tik,801,0,7,42.5765,514.76,0.0,2.713
tik,801,0,8,43.933,514.995,90.0,0.47
tik,802,0,0,45.8115,516.7485,58.2694,4.1774
tik,802,0,1,44.9185,514.827,144.7932,0.503
tik,802,0,2,46.448,516.839,58.4578,5.0619
tik,802,0,3,46.2425,518.996,0.0,3.059
tik,802,0,4,44.713,518.7605,90.0,0.471
tik,803,0,0,50.925,518.76,90.0,0.47
tik,803,0,1,50.089,518.995,0.0,1.672
tik,803,0,2,48.925,517.9055,73.2453,2.2756
tik,803,0,3,48.648,516.816,0.0,0.102
tik,803,0,4,48.7795,516.895,44.4601,0.2256
tik,803,0,5,49.686,516.5815,154.5839,1.829
tik,803,0,6,50.5015,516.085,84.2349,0.2091
tik,803,0,7,50.4615,515.8845,73.0012,0.2018
tik,803,0,8,49.561,515.659,8.4247,1.761
tik,803,0,9,48.6465,515.5895,126.1689,0.1474
tik,803,0,10,48.572,515.714,115.4981,0.144
tik,803,0,11,48.343,515.5945,42.9783,0.5413
tik,803,0,12,48.198,515.328,122.8758,0.1953
tik,803,0,13,48.9525,516.454,59.8558,2.7938
tik,803,0,14,49.5045,517.6535,3.2538,0.2995
tik,803,0,15,49.4875,518.0845,73.223,0.9181
tik,804,0,0,52.251,515.297,12.0309,0.1247
tik,804,0,1,52.3615,515.25,168.7864,0.3497
tik,804,0,2,52.4835,515.25,145.5155,0.1201
tik,805,0,0,53.746,515.799,95.3817,0.2772
tik,805,0,1,54.797,516.2705,30.4209,2.4074
tik,805,0,2,55.761,516.9155,154.3722,0.1642
tik,805,0,3,55.806,517.041,37.1,0.2984
tik,805,0,4,55.023,517.131,0.0,1.804
tik,805,0,5,54.2335,517.041,141.34,0.2881
tik,805,0,6,54.2755,516.9155,26.7273,0.1579
tik,805,0,7,53.974,516.491,59.2968,0.9048
tik,805,0,8,53.738,516.0195,86.5324,0.1653
tik,805,1,0,55.1,518.674,173.7464,0.1469
tik,805,1,1,55.242,518.6445,162.6907,0.1445
tik,805,1,2,55.2375,517.916,84.0648,1.4216
tik,805,1,3,55.0955,517.2005,7.0759,0.1381
tik,805,1,4,54.9585,517.2005,172.9239,0.138
tik,805,1,5,54.8165,517.916,95.9353,1.4216
tik,805,1,6,54.812,518.6445,17.3093,0.1445
tik,805,1,7,54.954,518.674,6.2536,0.1469
tik,805,2,0,55.1065,516.713,174.2542,0.1598
tik,805,2,1,55.261,516.683,163.6524,0.1563
tik,805,2,2,55.259,515.9145,84.1109,1.5009
tik,805,2,3,55.1045,515.1605,5.5272,0.1557
tik,805,2,4,54.949,515.1605,174.5078,0.1567
tik,805,2,5,54.794,515.9145,95.8891,1.5009
tik,805,2,6,54.7925,516.683,16.2455,0.1573
tik,805,2,7,54.9475,516.713,5.7458,0.1598
tik,806,0,0,23.785,523.5465,90.0,0.471
tik,806,0,1,24.323,523.311,0.0,1.076
tik,806,0,2,24.8415,523.185,81.2026,0.255
tik,806,0,3,24.7755,522.9415,68.409,0.2527
tik,806,0,4,23.305,523.2975,161.6073,3.0013
tik,806,0,5,21.885,523.8635,87.5241,0.1852
tik,806,0,6,21.9015,524.046,82.0926,0.1817
tik,806,0,7,23.2525,524.6455,20.8394,2.8644
tik,806,0,8,24.66,525.084,134.182,0.198
tik,806,0,9,24.7895,524.9345,127.6206,0.1982
tik,806,0,10,25.0245,525.043,46.9805,0.5115
tik,806,0,11,25.1195,525.3245,130.0725,0.247
tik,806,0,12,24.9505,525.502,137.1577,0.2441
tik,806,0,13,23.1445,524.3545,35.6354,4.224
tik,806,0,14,21.4645,523.025,110.2377,0.211
tik,806,0,15,21.546,522.832,115.5821,0.2084
tik,806,0,16,23.496,523.0715,9.9299,3.8679
tik,806,0,17,25.4055,523.5115,87.5803,0.2132
tik,806,0,18,25.41,523.7,90.0,0.164
tik,807,0,0,26.5075,521.665,0.0,0.549
tik,807,0,1,26.782,523.261,90.0,3.192
tik,807,0,2,28.3505,523.1735,132.9747,4.6019
tik,807,0,3,29.919,523.695,90.0,4.41
tik,807,0,4,29.6445,525.9,0.0,0.549
tik,807,0,5,29.37,524.3545,90.0,3.091
tik,807,0,6,27.8015,524.456,133.6015,4.5488
tik,808,0,0,31.367,521.665,0.0,0.88
tik,808,0,1,31.8155,523.7825,89.77,4.235
tik,808,0,2,31.3755,525.9,0.0,0.897
tik,808,0,3,30.927,523.7825,90.0,4.235
tik,808,1,0,31.5685,525.43,0.0,0.185
tik,808,1,1,31.661,523.7825,90.0,3.295
tik,808,1,2,31.5685,522.135,0.0,0.185
tik,808,1,3,31.476,523.7825,90.0,3.295
tik,809,0,0,39.8315,525.84,153.7094,0.28
tik,809,0,1,39.701,523.827,89.8619,4.15
tik,809,0,2,39.8265,521.814,25.4122,0.289
tik,809,0,3,39.957,522.1905,90.0,0.629
tik,809,0,4,39.831,522.409,37.3032,0.3168
tik,809,0,5,39.707,523.8285,89.9244,3.031
tik,809,0,6,39.833,525.2525,143.5766,0.3082
tik,810,0,0,42.639,526.051,3.0668,0.2243
tik,810,0,1,42.417,526.0285,8.53,0.2225
tik,810,0,2,42.4155,523.8045,92.8138,4.4203
tik,810,0,3,42.6375,521.592,177.4771,0.2272
tik,810,0,4,42.864,521.592,2.5341,0.2262
tik,810,0,5,43.0855,523.8045,87.1862,4.4203
tik,810,0,6,43.0845,526.0285,171.4317,0.2215
tik,810,0,7,42.863,526.051,176.9332,0.2243
tik,810,1,0,42.666,522.061,177.3046,0.1702
tik,810,1,1,42.4985,522.0785,170.7066,0.1672
tik,810,1,2,42.4925,523.834,87.4855,3.4874
tik,810,1,3,42.66,525.581,3.1456,0.1823
tik,810,1,4,42.8425,525.581,176.8715,0.1833
tik,810,1,5,43.01,523.834,92.4981,3.4873
tik,810,1,6,43.003,522.0785,9.2384,0.1682
tik,810,1,7,42.8355,522.061,2.7113,0.1692
tik,811,0,0,46.0415,521.665,0.0,0.549
tik,811,0,1,46.316,523.261,90.0,3.192
tik,811,0,2,47.8845,523.1735,132.9747,4.6019
tik,811,0,3,49.453,523.695,90.0,4.41
tik,811,0,4,49.1785,525.9,0.0,0.549
tik,811,0,5,48.904,524.3545,90.0,3.091
tik,811,0,6,47.3355,524.456,133.6015,4.5488
tik,812,0,0,22.587,530.4515,90.0,3.765
tik,812,0,1,22.822,528.569,0.0,0.47
tik,812,0,2,23.057,530.6865,90.0,4.235
tik,812,0,3,22.599,532.804,0.0,0.916
tik,812,0,4,21.994,532.569,57.9727,0.5544
tik,813,0,0,26.694,529.9135,51.6049,2.2316
tik,813,0,1,26.2305,531.3795,152.9122,2.598
tik,813,0,2,25.049,531.833,79.7319,0.2805
tik,813,0,3,25.2895,531.695,0.0,0.531
tik,813,0,4,25.5675,531.7745,81.0645,0.161
tik,813,0,5,26.2055,531.3675,142.125,1.5848
tik,813,0,6,25.899,529.7255,51.1111,2.969
tik,813,0,7,26.3235,528.57,0.0,2.713
tik,813,0,8,27.68,528.805,90.0,0.47
tik,814,0,0,30.813,531.3445,90.0,3.355
tik,814,0,1,29.527,531.1095,56.0824,4.6093
tik,814,0,2,29.292,529.197,0.0,2.102
tik,814,0,3,30.343,528.883,90.0,0.628
tik,814,0,4,30.578,528.569,0.0,0.47
tik,814,0,5,30.813,528.883,90.0,0.628
tik,814,0,6,31.056,529.197,0.0,0.486
tik,814,0,7,31.299,529.432,90.0,0.47
tik,814,0,8,31.056,529.667,0.0,0.486
tik,814,1,0,29.7385,529.667,0.0,1.209
tik,814,1,1,29.7325,530.545,55.7192,2.1252
tik,814,1,2,30.337,531.423,0.0,0.012
tik,814,1,3,30.343,530.545,90.0,1.756
tik,815,0,0,32.473,529.105,12.0309,0.1247
tik,815,0,1,32.5835,529.058,168.7864,0.3497
tik,815,0,2,32.7055,529.058,145.5155,0.1201
tik,816,0,0,36.23,531.3445,90.0,3.355
tik,816,0,1,34.944,531.1095,56.0824,4.6093
tik,816,0,2,34.709,529.197,0.0,2.102
tik,816,0,3,35.76,528.883,90.0,0.628
tik,816,0,4,35.995,528.569,0.0,0.47
tik,816,0,5,36.23,528.883,90.0,0.628
tik,816,0,6,36.473,529.197,0.0,0.486
tik,816,0,7,36.716,529.432,90.0,0.47
tik,816,0,8,36.473,529.667,0.0,0.486
tik,816,1,0,35.1555,529.667,0.0,1.209
tik,816,1,1,35.1495,530.545,55.7192,2.1252
tik,816,1,2,35.754,531.423,0.0,0.012
tik,816,1,3,35.76,530.545,90.0,1.756
tik,817,0,0,40.09,532.569,90.0,0.47
tik,817,0,1,39.254,532.804,0.0,1.672
tik,817,0,2,38.09,531.7145,73.2453,2.2756
tik,817,0,3,37.813,530.625,0.0,0.102
tik,817,0,4,37.9445,530.704,44.4608,0.2256
tik,817,0,5,38.851,530.3905,154.5838,1.829
tik,817,0,6,39.6665,529.894,84.2349,0.2091
tik,817,0,7,39.6265,529.6935,73.0012,0.2018
tik,817,0,8,38.726,529.468,8.4246,1.761
tik,817,0,9,37.8115,529.3985,126.1697,0.1474
tik,817,0,10,37.737,529.5235,115.3274,0.1449
tik,817,0,11,37.508,529.404,43.0562,0.542
tik,817,0,12,37.363,529.137,122.8764,0.1953
tik,817,0,13,38.1175,530.263,59.8558,2.7938
tik,817,0,14,38.669,531.4625,3.2437,0.3005
tik,817,0,15,38.6515,531.894,73.2411,0.919
tik,818,0,0,46.472,529.9135,51.6048,2.2316
tik,818,0,1,46.0085,531.3795,152.9122,2.598
tik,818,0,2,44.827,531.833,79.7311,0.2805
tik,818,0,3,45.0675,531.695,0.0,0.531
tik,818,0,4,45.3455,531.7745,81.0652,0.161
tik,818,0,5,45.9835,531.3675,142.1251,1.5848
tik,818,0,6,45.677,529.7255,51.1111,2.969
tik,818,0,7,46.1015,528.57,0.0,2.713
tik,818,0,8,47.458,528.805,90.0,0.47
tik,819,0,0,50.925,532.569,90.0,0.47
tik,819,0,1,50.089,532.804,0.0,1.672
tik,819,0,2,48.925,531.7145,73.2453,2.2756
tik,819,0,3,48.648,530.625,0.0,0.102
tik,819,0,4,48.7795,530.704,44.4608,0.2256
tik,819,0,5,49.686,530.3905,154.5838,1.829
tik,819,0,6,50.5015,529.894,84.2349,0.2091
tik,819,0,7,50.4615,529.6935,73.0012,0.2018
tik,819,0,8,49.561,529.468,8.4246,1.761
tik,819,0,9,48.6465,529.3985,126.1697,0.1474
tik,819,0,10,48.572,529.5235,115.3274,0.1449
tik,819,0,11,48.343,529.404,43.0562,0.542
tik,819,0,12,48.198,529.137,122.8764,0.1953
tik,819,0,13,48.9525,530.263,59.8558,2.7938
tik,819,0,14,49.5045,531.4625,3.2545,0.2995
tik,819,0,15,49.4875,531.894,73.2411,0.919
tik,820,0,0,52.939,530.4515,90.0,3.765
tik,820,0,1,53.174,528.569,0.0,0.47
tik,820,0,2,53.409,530.6865,90.0,4.235
tik,820,0,3,52.951,532.804,0.0,0.916
tik,820,0,4,52.346,532.569,57.9726,0.5544
tik,821,0,0,55.776,529.105,12.0309,0.1247
tik,821,0,1,55.8865,529.058,168.7864,0.3497
tik,821,0,2,56.0085,529.058,145.5155,0.1201
tik,822,0,0,58.651,528.4985,4.3762,0.1966
tik,822,0,1,58.8385,528.528,13.8096,0.1843
tik,822,0,2,58.839,530.7475,92.3193,4.3986
tik,822,0,3,58.6515,532.953,175.3559,0.1976
tik,822,0,4,58.4545,532.953,4.6441,0.1976
tik,822,0,5,58.267,530.7475,87.6807,4.3986
tik,822,0,6,58.2675,528.528,166.1904,0.1843
tik,822,0,7,58.455,528.4985,175.6238,0.1966
tik,822,1,0,58.6215,532.484,174.1653,0.1377
tik,822,1,1,58.7525,532.458,163.0899,0.1306
tik,822,1,2,58.7525,530.7065,87.9339,3.4673
tik,822,1,3,58.6215,528.9675,5.4208,0.1376
tik,822,1,4,58.484,528.9675,174.6183,0.1386
tik,822,1,5,58.353,530.7065,92.0495,3.4672
tik,822,1,6,58.353,532.458,17.0385,0.1297
tik,822,1,7,58.484,532.484,5.7928,0.1387
tik,823,0,0,63.393,532.569,90.0,0.47
tik,823,0,1,62.557,532.804,0.0,1.672
tik,823,0,2,61.393,531.7145,73.2453,2.2756
tik,823,0,3,61.116,530.625,0.0,0.102
tik,823,0,4,61.2475,530.704,44.4608,0.2256
tik,823,0,5,62.154,530.3905,154.5838,1.829
tik,823,0,6,62.9695,529.894,84.2349,0.2091
tik,823,0,7,62.9295,529.6935,73.0012,0.2018
tik,823,0,8,62.029,529.468,8.4246,1.761
tik,823,0,9,61.1145,529.3985,126.1697,0.1474
tik,823,0,10,61.04,529.5235,115.3274,0.1449
tik,823,0,11,60.811,529.404,43.0562,0.542
tik,823,0,12,60.666,529.137,122.8764,0.1953
tik,823,0,13,61.4205,530.263,59.8558,2.7938
tik,823,0,14,61.9725,531.4625,3.2545,0.2995
tik,823,0,15,61.9555,531.894,73.2411,0.919
tik,824,0,0,23.2485,539.238,0.0,1.011
tik,824,0,1,23.754,539.473,90.0,0.47
tik,824,0,2,22.4685,539.708,0.0,2.571
tik,824,0,3,21.183,539.473,90.0,0.47
tik,824,0,4,21.689,539.238,0.0,1.012
tik,824,0,5,22.195,537.3555,90.0,3.765
tik,824,0,6,22.469,535.473,0.0,0.548
tik,825,0,0,26.212,539.859,3.0667,0.2243
tik,825,0,1,25.99,539.8365,8.5301,0.2225
tik,825,0,2,25.9885,537.6125,92.8139,4.4203
tik,825,0,3,26.2105,535.4,177.477,0.2272
tik,825,0,4,26.437,535.4,2.5341,0.2262
tik,825,0,5,26.6585,537.6125,87.1861,4.4203
tik,825,0,6,26.6575,539.8365,171.4316,0.2215
tik,825,0,7,26.436,539.859,176.9333,0.2243
tik,825,1,0,26.239,535.869,177.3059,0.1702
tik,825,1,1,26.0715,535.8865,170.7065,0.1672
tik,825,1,2,26.0655,537.642,87.4855,3.4874
tik,825,1,3,26.233,539.389,3.1444,0.1823
tik,825,1,4,26.4155,539.389,176.8727,0.1833
tik,825,1,5,26.583,537.642,92.4981,3.4873
tik,825,1,6,26.576,535.8865,9.2385,0.1682
tik,825,1,7,26.4085,535.869,2.71,0.1692
tik,826,0,0,29.1585,539.708,0.0,0.577
tik,826,0,1,29.7565,537.5115,111.9788,4.7373
tik,826,0,2,31.2465,536.877,68.8753,3.3491
tik,826,0,3,32.4535,536.877,111.1247,3.3491
tik,826,0,4,33.9435,537.5115,68.0211,4.7373
tik,826,0,5,34.541,539.708,0.0,0.578
tik,826,0,6,33.6545,538.2005,68.379,3.2432
tik,826,0,7,32.4535,538.279,110.8326,3.3939
tik,826,0,8,31.2485,538.3125,68.8217,3.3299
tik,827,0,0,36.554,535.473,0.0,2.306
tik,827,0,1,37.707,535.708,90.0,0.47
tik,827,0,2,36.8285,535.943,0.0,1.757
tik,827,0,3,35.95,536.7665,90.0,1.647
tik,827,0,4,36.8025,537.59,0.0,1.705
tik,827,0,5,37.655,537.8255,90.0,0.471
tik,827,0,6,36.8025,538.061,0.0,1.705
tik,827,0,7,35.95,538.6495,90.0,1.177
tik,827,0,8,36.8285,539.238,0.0,1.757
tik,827,0,9,37.707,539.473,90.0,0.47
tik,827,0,10,36.554,539.708,0.0,2.306
tik,828,0,0,40.0585,537.3555,12.3927,0.2283
tik,828,0,1,39.7195,538.544,111.1578,2.4963
tik,828,0,2,38.9365,539.708,0.0,0.665
tik,828,0,3,38.604,537.5905,90.0,4.235
tik,828,0,4,38.8785,535.473,0.0,0.549
tik,828,0,5,39.153,536.3745,90.0,1.803
tik,828,0,6,39.266,537.276,0.0,0.226
tik,828,0,7,40.0155,536.3745,125.2239,2.2071
tik,828,0,8,40.9655,535.473,0.0,0.627
tik,828,0,9,40.613,536.402,125.6367,2.2861
tik,828,1,0,39.2255,539.238,0.0,0.145
tik,828,1,1,39.3125,538.493,91.115,1.4903
tik,828,1,2,39.24,537.748,0.0,0.174
tik,828,1,3,39.153,538.493,90.0,1.49
tik,829,0,0,24.3585,542.926,113.9189,1.2012
tik,829,0,1,24.888,542.377,0.0,0.572
tik,829,0,2,24.1545,544.6045,114.593,4.8994
tik,829,0,3,22.1155,544.6045,65.407,4.8994
tik,829,0,4,21.382,542.377,0.0,0.572
tik,829,0,5,21.9115,542.926,66.0811,1.2012
tik,829,0,6,23.135,543.475,0.0,1.96
tik,829,1,0,23.135,543.945,0.0,1.518
tik,829,1,1,22.7555,544.8065,66.226,1.8828
tik,829,1,2,23.5145,544.8065,113.774,1.8828
tik,830,0,0,27.4795,546.142,0.0,1.011
tik,830,0,1,27.985,546.377,90.0,0.47
tik,830,0,2,26.6995,546.612,0.0,2.571
tik,830,0,3,25.414,546.377,90.0,0.47
tik,830,0,4,25.92,546.142,0.0,1.012
tik,830,0,5,26.426,544.2595,90.0,3.765
tik,830,0,6,26.7,542.377,0.0,0.548
tik,831,0,0,28.9087,546.612,0.0,0.5494
tik,831,0,1,29.1834,544.4945,90.0,4.235
tik,831,0,2,28.9087,542.377,0.0,0.5494
tik,831,0,3,28.634,544.4945,90.0,4.235
tik,832,0,0,32.5255,546.219,124.3373,0.172
tik,832,0,1,32.4215,546.3525,131.6051,0.1672
tik,832,0,2,31.5795,545.5835,46.5931,2.2891
tik,832,0,3,30.879,544.705,151.3426,0.196
tik,832,0,4,31.055,544.616,154.983,0.1986
tik,832,0,5,30.884,543.919,68.274,1.4102
tik,832,0,6,30.599,543.3435,106.7984,0.1661
tik,832,0,7,30.5675,543.5095,94.9553,0.1736
tik,832,0,8,30.286,543.538,11.9516,0.5601
tik,832,0,9,30.0395,543.3545,102.3596,0.257
tik,832,0,10,30.114,543.1145,112.3171,0.2475
tik,832,0,11,31.3475,543.6455,28.5478,2.7014
tik,832,0,12,32.469,544.3745,127.8982,0.2116
tik,832,0,13,32.3255,544.53,137.4739,0.213
tik,832,0,14,32.156,544.665,145.304,0.2214
tik,832,0,15,31.436,545.09,150.0789,1.4515
tik,832,0,16,30.787,545.505,110.6741,0.1133
tik,832,0,17,30.76,545.6185,96.6,0.1218
tik,832,0,18,31.215,545.9755,32.6914,1.0979
tik,832,0,19,31.7675,546.2335,156.9545,0.1967
tik,832,0,20,31.9335,546.1305,139.4924,0.1986
tik,832,0,21,32.073,545.9765,125.5675,0.2201
tik,833,0,0,40.778,543.7215,51.6048,2.2316
tik,833,0,1,40.3145,545.1875,152.9122,2.598
tik,833,0,2,39.133,545.641,79.7311,0.2805
tik,833,0,3,39.3735,545.503,0.0,0.531
tik,833,0,4,39.6515,545.5825,81.0652,0.161
tik,833,0,5,40.2895,545.1755,142.1251,1.5848
tik,833,0,6,39.983,543.5335,51.1111,2.969
tik,833,0,7,40.4075,542.378,0.0,2.713
tik,833,0,8,41.764,542.6125,90.0,0.469
tik,834,0,0,43.6415,544.3655,58.2694,4.1774
tik,834,0,1,42.7485,542.444,144.7936,0.503
tik,834,0,2,44.278,544.4555,58.4518,5.061
tik,834,0,3,44.0725,546.612,0.0,3.059
tik,834,0,4,42.543,546.377,90.0,0.47
tik,835,0,0,47.539,542.3065,4.3762,0.1966
tik,835,0,1,47.7265,542.336,13.8096,0.1843
tik,835,0,2,47.727,544.5555,92.3193,4.3986
tik,835,0,3,47.5395,546.761,175.3559,0.1976
tik,835,0,4,47.3425,546.761,4.6441,0.1976
tik,835,0,5,47.1545,544.5555,87.6677,4.3986
tik,835,0,6,47.155,542.336,166.2641,0.1853
tik,835,0,7,47.343,542.3065,175.6238,0.1966
tik,835,1,0,47.5095,546.292,174.1653,0.1377
tik,835,1,1,47.6405,546.266,163.0899,0.1306
tik,835,1,2,47.6405,544.5145,87.9339,3.4673
tik,835,1,3,47.5095,542.7755,5.4208,0.1376
tik,835,1,4,47.372,542.7755,174.6183,0.1386
tik,835,1,5,47.241,544.5145,92.0495,3.4672
tik,835,1,6,47.241,546.266,17.0385,0.1297
tik,835,1,7,47.372,546.292,5.7928,0.1387
tik,836,0,0,50.082,542.913,12.0309,0.1247
tik,836,0,1,50.1925,542.866,168.7864,0.3497
tik,836,0,2,50.3145,542.866,145.5155,0.1201
tik,837,0,0,52.663,544.2595,90.0,3.765
tik,837,0,1,52.898,542.377,0.0,0.47
tik,837,0,2,53.133,544.4945,90.0,4.235
tik,837,0,3,52.675,546.612,0.0,0.916
tik,837,0,4,52.07,546.377,57.9726,0.5544
tik,838,0,0,153.562,351.832,90.0,1.8
tik,838,0,1,153.2875,352.732,0.0,0.549
tik,838,0,2,153.013,350.6145,90.0,4.235
tik,838,0,3,153.2875,348.497,0.0,0.549
tik,838,0,4,153.562,349.4005,90.0,1.807
tik,838,0,5,153.669,350.4045,43.2057,0.2936
tik,838,0,6,154.578,349.501,128.6179,2.57
tik,838,0,7,155.7385,348.497,0.0,0.717
tik,838,0,8,155.123,349.681,129.4419,3.0663
tik,838,0,9,155.1065,351.799,44.2882,2.6752
tik,838,0,10,155.7165,352.733,0.0,0.695
tik,839,0,0,327.589,376.4095,90.0,3.765
tik,839,0,1,327.824,374.527,0.0,0.47
tik,839,0,2,328.059,376.6445,90.0,4.235
tik,839,0,3,327.601,378.762,0.0,0.916
tik,839,0,4,326.996,378.527,57.9749,0.5544
tik,840,0,0,332.29,377.3025,90.0,3.355
tik,840,0,1,331.004,377.0675,56.0825,4.6093
tik,840,0,2,330.769,375.155,0.0,2.102
tik,840,0,3,331.82,374.841,90.0,0.628
tik,840,0,4,332.055,374.527,0.0,0.47
tik,840,0,5,332.29,374.841,90.0,0.628
tik,840,0,6,332.533,375.155,0.0,0.486
tik,840,0,7,332.776,375.39,90.0,0.47
tik,840,0,8,332.533,375.625,0.0,0.486
tik,840,1,0,331.2155,375.625,0.0,1.209
tik,840,1,1,331.2095,376.503,55.7193,2.1252
tik,840,1,2,331.814,377.381,0.0,0.012
tik,840,1,3,331.82,376.503,90.0,1.756
tik,841,0,0,334.856,376.5655,179.6963,0.19
tik,841,0,1,334.5025,376.004,51.3586,1.4365
tik,841,0,2,334.0375,375.517,102.5663,0.1516
tik,841,0,3,333.764,375.591,0.0,0.514
tik,841,0,4,333.526,375.4665,98.676,0.2519
tik,841,0,5,334.6225,376.0215,32.2365,2.5477
tik,841,0,6,335.631,376.745,147.4715,0.1637
tik,841,0,7,335.668,376.8815,41.1082,0.2814
tik,841,0,8,334.7185,377.53,152.2213,2.386
tik,841,0,9,333.636,377.9625,77.6647,0.2528
tik,841,0,10,333.8715,377.839,0.0,0.525
tik,841,0,11,334.149,377.9045,77.0902,0.1344
tik,841,0,12,334.5375,377.5075,128.9223,1.189
tik,841,0,13,334.8275,377.041,2.7465,0.1672
tik,842,0,0,338.458,374.4565,4.3759,0.1966
tik,842,0,1,338.6455,374.486,13.8131,0.1843
tik,842,0,2,338.646,376.7055,92.3194,4.3986
tik,842,0,3,338.4585,378.911,175.3546,0.1976
tik,842,0,4,338.2615,378.911,4.6454,0.1976
tik,842,0,5,338.074,376.7055,87.6806,4.3986
tik,842,0,6,338.0745,374.486,166.1869,0.1843
tik,842,0,7,338.262,374.4565,175.6241,0.1966
tik,842,1,0,338.4285,378.442,174.1618,0.1377
tik,842,1,1,338.5595,378.416,163.0931,0.1306
tik,842,1,2,338.5595,376.6645,87.9339,3.4673
tik,842,1,3,338.4285,374.9255,5.4211,0.1376
tik,842,1,4,338.291,374.9255,174.6183,0.1386
tik,842,1,5,338.16,376.6645,92.0494,3.4672
tik,842,1,6,338.16,378.416,17.0363,0.1297
tik,842,1,7,338.291,378.442,5.7959,0.1387
tik,843,0,0,120.326,428.3495,90.0,3.765
tik,843,0,1,120.561,426.467,0.0,0.47
tik,843,0,2,120.796,428.5845,90.0,4.235
tik,843,0,3,120.338,430.702,0.0,0.916
tik,843,0,4,119.733,430.467,57.9729,0.5544
tik,844,0,0,124.068,428.5055,179.6963,0.19
tik,844,0,1,123.7145,427.944,51.3586,1.4365
tik,844,0,2,123.2495,427.457,102.5691,0.1516
tik,844,0,3,122.976,427.531,0.0,0.514
tik,844,0,4,122.738,427.4065,98.676,0.2519
tik,844,0,5,123.8345,427.9615,32.2364,2.5477
tik,844,0,6,124.8435,428.685,147.2824,0.1628
tik,844,0,7,124.8805,428.8215,41.2434,0.2806
tik,844,0,8,123.9305,429.47,152.2213,2.386
tik,844,0,9,122.848,429.902,77.7159,0.2538
tik,844,0,10,123.084,429.778,0.0,0.526
tik,844,0,11,123.362,429.844,77.1966,0.1354
tik,844,0,12,123.75,429.4475,128.8857,1.1883
tik,844,0,13,124.0395,428.9805,3.0857,0.1672
tik,845,0,0,127.593,428.5055,179.6963,0.19
tik,845,0,1,127.2395,427.944,51.3586,1.4365
tik,845,0,2,126.7745,427.457,102.5691,0.1516
tik,845,0,3,126.501,427.531,0.0,0.514
tik,845,0,4,126.263,427.4065,98.676,0.2519
tik,845,0,5,127.3595,427.9615,32.2365,2.5477
tik,845,0,6,128.3685,428.685,147.2809,0.1628
tik,845,0,7,128.406,428.8215,41.1082,0.2814
tik,845,0,8,127.456,429.47,152.2326,2.3869
tik,845,0,9,126.3735,429.902,77.9365,0.2536
tik,845,0,10,126.6095,429.778,0.0,0.525
tik,845,0,11,126.887,429.844,77.1966,0.1354
tik,845,0,12,127.275,429.4475,128.8857,1.1883
tik,845,0,13,127.5645,428.9805,3.0857,0.1672
tik,846,0,0,130.876,429.873,53.7487,2.4453
tik,846,0,1,130.071,428.759,57.3548,0.304
tik,846,0,2,130.546,427.51,116.4217,2.5035
tik,846,0,3,131.243,426.403,5.7106,0.2814
tik,846,0,4,131.5125,426.457,17.1651,0.2711
tik,846,0,5,131.4595,427.815,97.8836,2.6612
tik,846,0,6,131.1675,429.1195,7.0307,0.2207
tik,846,0,7,130.9595,429.069,20.5847,0.2104
tik,846,0,8,130.855,429.038,135.0,0.017
tik,846,0,9,131.4155,429.8365,54.442,1.9483
tik,846,0,10,131.7905,430.744,149.0144,0.4467
tik,846,1,0,131.008,426.868,174.2238,0.1789
tik,846,1,1,130.835,426.904,162.1823,0.1765
tik,846,1,2,130.838,427.7875,84.1996,1.7218
tik,846,1,3,131.011,428.6535,6.3028,0.173
tik,846,1,4,131.181,428.654,173.8827,0.169
tik,846,1,5,131.3515,427.787,95.757,1.7247
tik,846,1,6,131.3545,426.903,17.2953,0.1749
tik,846,1,7,131.184,426.868,5.908,0.1749
tik,847,0,0,105.755,395.3005,90.0,3.765
tik,847,0,1,105.99,393.418,0.0,0.47
tik,847,0,2,106.225,395.5355,90.0,4.235
tik,847,0,3,105.767,397.653,0.0,0.916
tik,847,0,4,105.162,397.418,57.9729,0.5544
tik,848,0,0,109.497,395.4565,179.6963,0.19
tik,848,0,1,109.1435,394.895,51.3586,1.4365
tik,848,0,2,108.6785,394.408,102.5691,0.1516
tik,848,0,3,108.405,394.482,0.0,0.514
tik,848,0,4,108.167,394.3575,98.676,0.2519
tik,848,0,5,109.2635,394.9125,32.2364,2.5477
tik,848,0,6,110.2725,395.636,147.2824,0.1628
tik,848,0,7,110.31,395.7725,41.1092,0.2814
tik,848,0,8,109.36,396.421,152.2325,2.3869
tik,848,0,9,108.2775,396.8535,77.8895,0.2526
tik,848,0,10,108.5135,396.73,0.0,0.525
tik,848,0,11,108.791,396.7955,77.1029,0.1344
tik,848,0,12,109.1795,396.3985,128.9232,1.189
tik,848,0,13,109.4695,395.9315,3.0857,0.1672
tik,849,0,0,113.022,395.4565,179.6963,0.19
tik,849,0,1,112.6685,394.895,51.3586,1.4365
tik,849,0,2,112.2035,394.408,102.5691,0.1516
tik,849,0,3,111.93,394.482,0.0,0.514
tik,849,0,4,111.692,394.3575,98.676,0.2519
tik,849,0,5,112.7885,394.9125,32.2364,2.5477
tik,849,0,6,113.7975,395.636,147.2824,0.1628
tik,849,0,7,113.835,395.7725,41.1092,0.2814
tik,849,0,8,112.885,396.421,152.2325,2.3869
tik,849,0,9,111.8025,396.8535,77.8895,0.2526
tik,849,0,10,112.0385,396.73,0.0,0.525
tik,849,0,11,112.316,396.7955,77.1029,0.1344
tik,849,0,12,112.704,396.3985,128.8857,1.1883
tik,849,0,13,112.9935,395.9315,3.0857,0.1672
tik,850,0,0,116.305,396.825,53.7487,2.4453
tik,850,0,1,115.5,395.711,57.3548,0.304
tik,850,0,2,115.975,394.462,116.4217,2.5035
tik,850,0,3,116.672,393.355,5.7106,0.2814
tik,850,0,4,116.9415,393.409,17.1651,0.2711
tik,850,0,5,116.8885,394.767,97.8834,2.6612
tik,850,0,6,116.5965,396.0715,7.0304,0.2207
tik,850,0,7,116.3885,396.021,20.5855,0.2104
tik,850,0,8,116.284,395.99,135.0182,0.017
tik,850,0,9,116.8445,396.788,54.4246,1.9475
tik,850,0,10,117.2195,397.6955,148.9043,0.4473
tik,850,1,0,116.437,393.82,174.224,0.1789
tik,850,1,1,116.264,393.8555,162.4926,0.1762
tik,850,1,2,116.267,394.7385,84.2001,1.7218
tik,850,1,3,116.44,395.605,6.6337,0.1732
tik,850,1,4,116.61,395.606,173.8827,0.169
tik,850,1,5,116.7805,394.7385,95.7534,1.7257
tik,850,1,6,116.784,393.8545,17.0768,0.1737
tik,850,1,7,116.6135,393.82,5.8745,0.1759
tik,851,0,0,136.581,400.6985,90.0,3.765
tik,851,0,1,136.816,398.816,0.0,0.47
tik,851,0,2,137.051,400.9335,90.0,4.235
tik,851,0,3,136.593,403.051,0.0,0.916
tik,851,0,4,135.988,402.816,57.9722,0.5544
tik,852,0,0,140.323,400.8555,179.6963,0.19
tik,852,0,1,139.9695,400.294,51.3586,1.4365
tik,852,0,2,139.5045,399.807,102.572,0.1516
tik,852,0,3,139.2315,399.881,0.0,0.513
tik,852,0,4,138.994,399.7565,98.6794,0.2519
tik,852,0,5,140.09,400.3115,32.2486,2.5469
tik,852,0,6,141.0985,401.035,147.2809,0.1628
tik,852,0,7,141.136,401.1715,41.1082,0.2814
tik,852,0,8,140.1865,401.82,152.2214,2.386
tik,852,0,9,139.104,402.2525,77.6681,0.2528
tik,852,0,10,139.3395,402.129,0.0,0.525
tik,852,0,11,139.6175,402.1945,76.6851,0.1346
tik,852,0,12,140.006,401.7975,128.8857,1.1883
tik,852,0,13,140.2955,401.331,2.7462,0.1672
tik,853,0,0,144.807,401.5915,90.0,3.355
tik,853,0,1,143.521,401.3565,56.0823,4.6093
tik,853,0,2,143.286,399.444,0.0,2.102
tik,853,0,3,144.337,399.13,90.0,0.628
tik,853,0,4,144.572,398.816,0.0,0.47
tik,853,0,5,144.807,399.13,90.0,0.628
tik,853,0,6,145.05,399.444,0.0,0.486
tik,853,0,7,145.293,399.679,90.0,0.47
tik,853,0,8,145.05,399.914,0.0,0.486
tik,853,1,0,143.7325,399.914,0.0,1.209
tik,853,1,1,143.7265,400.792,55.719,2.1252
tik,853,1,2,144.331,401.67,0.0,0.012
tik,853,1,3,144.337,400.792,90.0,1.756
tik,854,0,0,147.45,398.7465,4.3762,0.1966
tik,854,0,1,147.6375,398.776,13.8119,0.1843
tik,854,0,2,147.6375,400.9955,92.3323,4.3986
tik,854,0,3,147.45,403.201,175.3312,0.1967
tik,854,0,4,147.2535,403.201,4.645,0.1977
tik,854,0,5,147.066,400.9955,87.6808,4.3986
tik,854,0,6,147.0665,398.776,166.1881,0.1843
tik,854,0,7,147.254,398.7465,175.6238,0.1966
tik,854,1,0,147.4205,402.732,174.1618,0.1377
tik,854,1,1,147.5515,402.706,163.0931,0.1306
tik,854,1,2,147.5515,400.9545,87.9339,3.4673
tik,854,1,3,147.4205,399.2155,5.4211,0.1376
tik,854,1,4,147.283,399.2155,174.6183,0.1386
tik,854,1,5,147.152,400.9545,92.0494,3.4672
tik,854,1,6,147.152,402.706,17.0363,0.1297
tik,854,1,7,147.283,402.732,5.7959,0.1387
tik,855,0,0,217.7455,503.888,0.0,0.987
tik,855,0,1,218.623,504.9925,70.8289,2.3387
tik,855,0,2,218.9185,506.122,164.225,0.1839
tik,855,0,3,218.83,506.152,90.0,0.01
tik,855,0,4,218.9295,506.225,34.351,0.241
tik,855,0,5,218.409,507.208,124.1212,2.2105
tik,855,0,6,217.5205,508.123,0.0,0.537
tik,855,0,7,217.252,506.0055,90.0,4.235
tik,855,1,0,217.8725,507.653,0.0,0.143
tik,855,1,1,217.9385,506.947,89.5536,1.412
tik,855,1,2,217.867,506.241,0.0,0.132
tik,855,1,3,217.801,506.947,90.0,1.412
tik,855,2,0,217.96,505.848,0.0,0.318
tik,855,2,1,218.152,505.103,92.5361,1.4915
tik,855,2,2,217.993,504.358,0.0,0.384
tik,855,2,3,217.801,505.103,90.0,1.49
tik,856,0,0,220.5485,508.123,0.0,0.549
tik,856,0,1,220.274,506.0055,90.0,4.235
tik,856,0,2,221.195,503.888,0.0,1.842
tik,856,0,3,222.116,504.123,90.0,0.47
tik,856,0,4,221.4695,504.358,0.0,1.293
tik,857,0,0,222.888,503.888,0.0,0.88
tik,857,0,1,223.3365,506.0055,89.77,4.235
tik,857,0,2,222.8965,508.123,0.0,0.897
tik,857,0,3,222.448,506.0055,90.0,4.235
tik,857,1,0,223.0895,507.653,0.0,0.185
tik,857,1,1,223.182,506.0055,90.0,3.295
tik,857,1,2,223.0895,504.358,0.0,0.185
tik,857,1,3,222.997,506.0055,90.0,3.295
tik,858,0,0,228.422,505.7695,90.0,0.471
tik,858,0,1,228.96,505.534,0.0,1.076
tik,858,0,2,229.4785,505.408,81.2022,0.255
tik,858,0,3,229.413,505.1645,68.6212,0.2524
tik,858,0,4,227.9425,505.5205,161.6134,3.0023
tik,858,0,5,226.522,506.0865,87.5206,0.1852
tik,858,0,6,226.5385,506.269,82.0944,0.1817
tik,858,0,7,227.8895,506.8685,20.8394,2.8644
tik,858,0,8,229.297,507.307,134.182,0.198
tik,858,0,9,229.4265,507.1575,127.621,0.1982
tik,858,0,10,229.6615,507.266,46.9805,0.5115
tik,858,0,11,229.7565,507.5475,130.0718,0.247
tik,858,0,12,229.5875,507.725,137.158,0.2441
tik,858,0,13,227.782,506.5775,35.6433,4.2232
tik,858,0,14,226.102,505.248,109.9842,0.2107
tik,858,0,15,226.1835,505.055,115.8303,0.2089
tik,858,0,16,228.1335,505.2945,9.9325,3.8669
tik,858,0,17,230.0425,505.7345,87.5797,0.2132
tik,858,0,18,230.047,505.923,90.0,0.164
tik,859,0,0,217.134,512.723,66.5385,3.205
tik,859,0,1,217.7775,514.193,0.0,0.011
tik,859,0,2,218.032,512.762,99.8709,2.905
tik,859,0,3,218.5545,511.331,0.0,0.547
tik,859,0,4,218.393,513.5695,100.997,4.5607
tik,859,0,5,217.227,514.1305,66.4539,3.6597
tik,859,0,6,215.7645,514.1305,113.5603,3.6601
tik,859,0,7,214.5985,513.5695,79.0153,4.5606
tik,859,0,8,214.4375,511.331,0.0,0.547
tik,859,0,9,214.9595,512.756,80.1077,2.893
tik,859,0,10,215.214,514.181,0.0,0.012
tik,860,0,0,222.0795,511.88,113.9189,1.2012
tik,860,0,1,222.609,511.331,0.0,0.572
tik,860,0,2,221.8755,513.5585,114.593,4.8994
tik,860,0,3,219.8365,513.5585,65.407,4.8994
tik,860,0,4,219.103,511.331,0.0,0.572
tik,860,0,5,219.6325,511.88,66.0811,1.2012
tik,860,0,6,220.856,512.429,0.0,1.96
tik,860,1,0,220.856,512.899,0.0,1.518
tik,860,1,1,220.4765,513.7605,66.2259,1.8828
tik,860,1,2,221.2355,513.7605,113.7741,1.8828
tik,861,0,0,223.5327,515.566,0.0,0.5493
tik,861,0,1,223.8073,513.4485,90.0,4.235
tik,861,0,2,223.5327,511.331,0.0,0.5493
tik,861,0,3,223.258,513.4485,90.0,4.235
tik,862,0,0,224.8425,511.331,0.0,0.549
tik,862,0,1,225.117,512.9265,90.0,3.191
tik,862,0,2,226.6855,512.839,132.9832,4.6012
tik,862,0,3,228.254,513.361,90.0,4.41
tik,862,0,4,227.9795,515.566,0.0,0.549
tik,862,0,5,227.705,514.0205,90.0,3.091
tik,862,0,6,226.1365,514.122,133.6014,4.5488
tik,863,0,0,230.6835,515.096,0.0,1.011
tik,863,0,1,231.189,515.331,90.0,0.47
tik,863,0,2,229.9035,515.566,0.0,2.571
tik,863,0,3,228.618,515.331,90.0,0.47
tik,863,0,4,229.124,515.096,0.0,1.012
tik,863,0,5,229.63,513.2135,90.0,3.765
tik,863,0,6,229.904,511.331,0.0,0.548
tik,864,0,0,252.474,113.525,90.0,0.47
tik,864,0,1,251.4345,113.7605,179.9722,2.079
tik,864,0,2,250.394,111.6435,89.973,4.235
tik,864,0,3,250.668,109.526,0.0,0.55
tik,864,0,4,250.943,110.5845,90.0,2.117
tik,864,0,5,251.6825,111.643,0.0,1.479
tik,864,0,6,252.4225,111.878,89.8772,0.47
tik,864,0,7,251.683,112.1135,179.961,1.48
tik,864,0,8,250.9435,112.702,89.9509,1.176
tik,865,0,0,244.393,201.609,179.702,2.306
tik,865,0,1,245.547,201.838,89.7563,0.47
tik,865,0,2,244.67,202.0775,179.7063,1.756
tik,865,0,3,243.7965,202.906,89.687,1.648
tik,865,0,4,244.6535,203.725,179.6647,1.705
tik,865,0,5,245.507,203.9555,89.7568,0.471
tik,865,0,6,244.6555,204.1955,179.6975,1.705
tik,865,0,7,243.8065,204.7885,89.6591,1.177
tik,865,0,8,244.688,205.372,179.6744,1.756
tik,865,0,9,245.567,205.6025,89.7568,0.471
tik,865,0,10,244.4155,205.844,179.7019,2.305
tik,866,0,0,217.981,199.473,179.702,2.306
tik,866,0,1,219.135,199.702,89.7563,0.47
tik,866,0,2,218.258,199.9415,179.7063,1.756
tik,866,0,3,217.3845,200.77,89.687,1.648
tik,866,0,4,218.2415,201.589,179.6647,1.705
tik,866,0,5,219.095,201.8195,89.7568,0.471
tik,866,0,6,218.2435,202.0595,179.6975,1.705
tik,866,0,7,217.3945,202.6525,89.6591,1.177
tik,866,0,8,218.276,203.236,179.6744,1.756
tik,866,0,9,219.155,203.4665,89.7568,0.471
tik,866,0,10,218.0035,203.708,179.7019,2.305
tik,867,0,0,235.418,221.9675,90.0,0.471
tik,867,0,1,235.956,221.732,0.0,1.076
tik,867,0,2,236.4745,221.606,81.2017,0.255
tik,867,0,3,236.4085,221.3625,68.4099,0.2527
tik,867,0,4,234.938,221.7185,161.607,3.0013
tik,867,0,5,233.518,222.2845,87.5205,0.1852
tik,867,0,6,233.5345,222.467,82.0944,0.1817
tik,867,0,7,234.8855,223.0665,20.839,2.8644
tik,867,0,8,236.293,223.505,134.182,0.198
tik,867,0,9,236.4225,223.3555,127.6251,0.1982
tik,867,0,10,236.6575,223.464,46.9799,0.5115
tik,867,0,11,236.7525,223.7455,130.073,0.247
tik,867,0,12,236.5835,223.923,137.1554,0.2441
tik,867,0,13,234.7775,222.7755,35.6354,4.224
tik,867,0,14,233.0975,221.446,110.238,0.211
tik,867,0,15,233.1795,221.2525,115.7077,0.2098
tik,867,0,16,235.1295,221.492,9.9471,3.8671
tik,867,0,17,237.0385,221.9325,87.5799,0.2132
tik,867,0,18,237.043,222.121,90.0,0.164
tik,868,0,0,268.5505,321.829,153.7115,0.28
tik,868,0,1,268.4195,319.8165,89.8483,4.149
tik,868,0,2,268.5445,317.804,25.4121,0.2889
tik,868,0,3,268.675,318.18,90.0,0.628
tik,868,0,4,268.5485,318.3985,37.0486,0.317
tik,868,0,5,268.425,319.818,89.8863,3.03
tik,868,0,6,268.552,321.242,143.7235,0.3076
tik,869,0,0,245.5625,321.773,153.7115,0.28
tik,869,0,1,245.4315,319.7605,89.8483,4.149
tik,869,0,2,245.5565,317.7475,25.2314,0.2885
tik,869,0,3,245.687,318.1235,90.0,0.629
tik,869,0,4,245.5605,318.3425,37.0486,0.317
tik,869,0,5,245.437,319.762,89.8866,3.03
tik,869,0,6,245.564,321.1855,143.5743,0.3082
tik,870,0,0,186.9815,322.041,153.7115,0.28
tik,870,0,1,186.8505,320.0285,89.8483,4.149
tik,870,0,2,186.9755,318.0155,25.2314,0.2885
tik,870,0,3,187.106,318.3915,90.0,0.629
tik,870,0,4,186.98,318.6105,37.1569,0.3162
tik,870,0,5,186.8565,320.03,89.9054,3.03
tik,870,0,6,186.983,321.4535,143.5743,0.3082
tik,871,0,0,293.461,285.1715,90.0,3.765
tik,871,0,1,293.696,283.289,0.0,0.47
tik,871,0,2,293.931,285.4065,90.0,4.235
tik,871,0,3,293.473,287.524,0.0,0.916
tik,871,0,4,292.868,287.289,57.9749,0.5544
tik,872,0,0,297.568,284.6335,51.605,2.2316
tik,872,0,1,297.1045,286.099,152.9316,2.5975
tik,872,0,2,295.923,286.552,79.7342,0.2805
tik,872,0,3,296.1635,286.414,0.0,0.531
tik,872,0,4,296.4415,286.494,81.111,0.1619
tik,872,0,5,297.0795,286.0875,142.1247,1.5848
tik,872,0,6,296.7735,284.445,51.1388,2.9692
tik,872,0,7,297.198,283.289,0.0,2.712
tik,872,0,8,298.554,283.524,90.0,0.47
tik,873,0,0,299.425,284.327,95.3817,0.2772
tik,873,0,1,300.476,284.7985,30.4209,2.4074
tik,873,0,2,301.44,285.4435,154.364,0.1641
tik,873,0,3,301.485,285.569,37.102,0.2984
tik,873,0,4,300.702,285.659,0.0,1.804
tik,873,0,5,299.9125,285.569,141.3421,0.2881
tik,873,0,6,299.9545,285.4435,26.7285,0.1579
tik,873,0,7,299.653,285.019,59.2977,0.9048
tik,873,0,8,299.417,284.5475,86.5286,0.1653
tik,873,1,0,300.7785,287.2025,174.0996,0.1458
tik,873,1,1,300.9205,287.173,162.4335,0.1458
tik,873,1,2,300.9165,286.4445,84.0605,1.4206
tik,873,1,3,300.7745,285.729,7.4876,0.1382
tik,873,1,4,300.6375,285.729,172.5124,0.1382
tik,873,1,5,300.4955,286.4445,95.9395,1.4206
tik,873,1,6,300.491,287.173,17.6867,0.1448
tik,873,1,7,300.633,287.2025,5.86,0.1468
tik,873,2,0,300.7855,285.2415,174.6162,0.1597
tik,873,2,1,300.94,285.2115,163.2954,0.1566
tik,873,2,2,300.938,284.443,84.1073,1.4999
tik,873,2,3,300.7835,283.689,5.8904,0.1558
tik,873,2,4,300.6285,283.689,174.1096,0.1558
tik,873,2,5,300.4735,284.443,95.931,1.5
tik,873,2,6,300.4715,285.2115,16.5993,0.1576
tik,873,2,7,300.6265,285.2415,5.3838,0.1597
tik,874,0,0,304.329,283.2185,4.3803,0.1966
tik,874,0,1,304.5165,283.248,13.8038,0.1843
tik,874,0,2,304.517,285.4675,92.3194,4.3986
tik,874,0,3,304.3295,287.673,175.3591,0.1976
tik,874,0,4,304.1325,287.673,4.6409,0.1976
tik,874,0,5,303.945,285.4675,87.6806,4.3986
tik,874,0,6,303.9455,283.248,166.1962,0.1843
tik,874,0,7,304.133,283.2185,175.6197,0.1966
tik,874,1,0,304.2995,287.204,174.1618,0.1377
tik,874,1,1,304.4305,287.178,163.0931,0.1306
tik,874,1,2,304.4305,285.4265,87.9339,3.4673
tik,874,1,3,304.2995,283.6875,5.4211,0.1376
tik,874,1,4,304.162,283.6875,174.6183,0.1386
tik,874,1,5,304.031,285.4265,92.0494,3.4672
tik,874,1,6,304.031,287.178,17.0363,0.1297
tik,874,1,7,304.162,287.204,5.7959,0.1387
tik,875,0,0,294.186,289.69,0.0,2.306
tik,875,0,1,295.339,289.925,90.0,0.47
tik,875,0,2,294.4605,290.16,0.0,1.757
tik,875,0,3,293.582,290.984,90.0,1.648
tik,875,0,4,294.4345,291.808,0.0,1.705
tik,875,0,5,295.287,292.043,90.0,0.47
tik,875,0,6,294.4345,292.278,0.0,1.705
tik,875,0,7,293.582,292.8665,90.0,1.177
tik,875,0,8,294.4605,293.455,0.0,1.757
tik,875,0,9,295.339,293.69,90.0,0.47
tik,875,0,10,294.186,293.925,0.0,2.306
tik,876,0,0,296.5105,293.925,0.0,0.549
tik,876,0,1,296.236,291.8075,90.0,4.235
tik,876,0,2,297.157,289.69,0.0,1.842
tik,876,0,3,298.078,289.925,90.0,0.47
tik,876,0,4,297.4315,290.16,0.0,1.293
tik,877,0,0,299.824,289.69,0.0,2.306
tik,877,0,1,300.977,289.925,90.0,0.47
tik,877,0,2,300.0985,290.16,0.0,1.757
tik,877,0,3,299.22,290.984,90.0,1.648
tik,877,0,4,300.0725,291.808,0.0,1.705
tik,877,0,5,300.925,292.043,90.0,0.47
tik,877,0,6,300.0725,292.278,0.0,1.705
tik,877,0,7,299.22,292.8665,90.0,1.177
tik,877,0,8,300.0985,293.455,0.0,1.757
tik,877,0,9,300.977,293.69,90.0,0.47
tik,877,0,10,299.824,293.925,0.0,2.306
tik,878,0,0,301.6935,293.925,0.0,0.579
tik,878,0,1,302.327,291.7005,112.5348,4.8168
tik,878,0,2,304.17,291.7005,67.5312,4.8145
tik,878,0,3,304.8,293.925,0.0,0.58
tik,878,0,4,303.88,292.3665,67.9896,3.362
tik,879,0,0,173.574,367.5375,90.0,3.765
tik,879,0,1,173.809,365.655,0.0,0.47
tik,879,0,2,174.044,367.7725,90.0,4.235
tik,879,0,3,173.586,369.89,0.0,0.916
tik,879,0,4,172.981,369.655,57.9722,0.5544
tik,880,0,0,177.315,367.6945,179.6963,0.19
tik,880,0,1,176.9615,367.133,51.3586,1.4365
tik,880,0,2,176.4965,366.646,102.572,0.1516
tik,880,0,3,176.2235,366.72,0.0,0.513
tik,880,0,4,175.986,366.5955,98.6794,0.2519
tik,880,0,5,177.082,367.151,32.2677,2.5474
tik,880,0,6,178.0905,367.875,147.2854,0.1628
tik,880,0,7,178.128,368.011,40.9556,0.2807
tik,880,0,8,177.1785,368.659,152.2214,2.386
tik,880,0,9,176.096,369.0915,77.6681,0.2528
tik,880,0,10,176.3315,368.968,0.0,0.525
tik,880,0,11,176.6095,369.0335,76.6851,0.1346
tik,880,0,12,176.998,368.6365,128.8857,1.1883
tik,880,0,13,177.2875,368.17,2.7462,0.1672
tik,881,0,0,181.8,368.4305,90.0,3.355
tik,881,0,1,180.514,368.1955,56.0823,4.6093
tik,881,0,2,180.279,366.283,0.0,2.102
tik,881,0,3,181.33,365.969,90.0,0.628
tik,881,0,4,181.565,365.655,0.0,0.47
tik,881,0,5,181.8,365.969,90.0,0.628
tik,881,0,6,182.043,366.283,0.0,0.486
tik,881,0,7,182.286,366.518,90.0,0.47
tik,881,0,8,182.043,366.753,0.0,0.486
tik,881,1,0,180.7255,366.753,0.0,1.209
tik,881,1,1,180.7195,367.631,55.719,2.1252
tik,881,1,2,181.324,368.509,0.0,0.012
tik,881,1,3,181.33,367.631,90.0,1.756
tik,882,0,0,184.731,366.9995,51.6047,2.2316
tik,882,0,1,184.2675,368.465,152.9317,2.5975
tik,882,0,2,183.086,368.918,79.7311,0.2805
tik,882,0,3,183.3265,368.78,0.0,0.531
tik,882,0,4,183.6045,368.86,81.1217,0.1619
tik,882,0,5,184.2425,368.4535,142.125,1.5849
tik,882,0,6,183.936,366.811,51.1232,2.9698
tik,882,0,7,184.3605,365.655,0.0,2.713
tik,882,0,8,185.717,365.89,90.0,0.47
tik,883,0,0,335.886,460.2765,90.0,3.765
tik,883,0,1,336.121,458.394,0.0,0.47
tik,883,0,2,336.356,460.5115,90.0,4.235
tik,883,0,3,335.898,462.629,0.0,0.916
tik,883,0,4,335.293,462.394,57.9749,0.5544
tik,884,0,0,340.587,461.1695,90.0,3.355
tik,884,0,1,339.301,460.9345,56.0825,4.6093
tik,884,0,2,339.066,459.022,0.0,2.102
tik,884,0,3,340.117,458.708,90.0,0.628
tik,884,0,4,340.352,458.394,0.0,0.47
tik,884,0,5,340.587,458.708,90.0,0.628
tik,884,0,6,340.83,459.022,0.0,0.486
tik,884,0,7,341.073,459.257,90.0,0.47
tik,884,0,8,340.83,459.492,0.0,0.486
tik,884,1,0,339.5125,459.492,0.0,1.209
tik,884,1,1,339.5065,460.37,55.7193,2.1252
tik,884,1,2,340.111,461.248,0.0,0.012
tik,884,1,3,340.117,460.37,90.0,1.756
tik,885,0,0,343.519,459.7395,51.605,2.2316
tik,885,0,1,343.0555,461.205,152.9316,2.5975
tik,885,0,2,341.874,461.658,79.7342,0.2805
tik,885,0,3,342.1145,461.52,0.0,0.531
tik,885,0,4,342.3925,461.6,81.111,0.1619
tik,885,0,5,343.0305,461.1935,142.1243,1.5848
tik,885,0,6,342.7245,459.551,51.1386,2.9692
tik,885,0,7,343.149,458.395,0.0,2.712
tik,885,0,8,344.505,458.63,90.0,0.47
tik,886,0,0,346.755,458.3245,4.3759,0.1966
tik,886,0,1,346.9425,458.354,13.8131,0.1843
tik,886,0,2,346.943,460.5735,92.3194,4.3986
tik,886,0,3,346.7555,462.779,175.3546,0.1976
tik,886,0,4,346.5585,462.779,4.6454,0.1976
tik,886,0,5,346.371,460.5735,87.6806,4.3986
tik,886,0,6,346.3715,458.354,166.1869,0.1843
tik,886,0,7,346.559,458.3245,175.6241,0.1966
tik,886,1,0,346.7255,462.31,174.1618,0.1377
tik,886,1,1,346.8565,462.2835,162.6778,0.1309
tik,886,1,2,346.8565,460.532,87.9334,3.4663
tik,886,1,3,346.7255,458.7935,5.4211,0.1376
tik,886,1,4,346.588,458.7935,174.6183,0.1386
tik,886,1,5,346.457,460.532,92.05,3.4662
tik,886,1,6,346.457,462.2835,17.4543,0.13
tik,886,1,7,346.588,462.31,5.7959,0.1387
tik,887,0,0,64.488,222.6995,72.8799,0.4824
tik,887,0,1,66.415,222.66,5.4605,4.0142
tik,887,0,2,66.866,224.128,140.4612,4.012
tik,887,0,3,65.248,225.174,72.9142,0.4833
tik,887,0,4,66.264,224.06,140.9123,2.8009
tik,888,0,0,69.036,227.046,6.8834,1.0012
tik,888,0,1,69.603,227.334,72.9324,0.477
tik,888,0,2,67.6495,227.294,7.5443,4.0823
tik,888,0,3,67.1505,225.6695,138.3372,4.0813
tik,888,0,4,68.745,224.5405,72.8979,0.4761
tik,888,0,5,68.4375,225.0965,138.9709,1.0008
tik,888,0,6,68.2995,226.2055,72.9413,1.6328
tik,888,1,0,67.9245,226.32,72.9536,1.2656
tik,888,1,1,67.146,226.2285,139.1092,1.5689
tik,888,1,2,67.3315,226.8335,6.7028,1.5677
tik,889,0,0,68.6165,229.469,85.4863,0.1906
tik,889,0,1,67.5865,229.4895,4.1077,2.0803
tik,889,0,2,66.468,229.15,73.0034,0.5542
tik,889,0,3,68.074,228.3675,162.9466,3.5292
tik,889,0,4,69.828,228.0685,72.9516,0.4571
tik,889,0,5,69.1765,228.5075,162.939,1.5032
tik,889,0,6,68.4855,228.818,73.0084,0.1882
tik,889,0,7,69.387,229.1945,18.1492,1.8395
tik,889,0,8,70.3375,229.7305,72.9536,0.5219
tik,889,0,9,69.5115,229.677,18.5583,1.904
tik,889,1,0,66.9135,229.2655,73.0729,0.1202
tik,889,1,1,67.528,229.1525,164.0608,1.2417
tik,889,1,2,68.104,228.9125,73.1883,0.1452
tik,889,1,3,67.4895,229.0255,162.9065,1.2419
tik,890,0,0,69.9875,234.3765,72.7119,0.1581
tik,890,0,1,70.3485,233.9575,124.3136,1.1974
tik,890,0,2,70.623,233.468,175.4578,0.1264
tik,890,0,3,70.497,233.2685,72.8775,0.428
tik,890,0,4,70.538,233.0485,171.5216,0.2103
tik,890,0,5,70.364,234.0575,105.1817,2.1231
tik,890,0,6,70.034,235.038,40.2394,0.1362
tik,890,0,7,69.9345,235.101,113.936,0.2342
tik,890,0,8,69.186,234.503,45.1632,1.9884
tik,890,0,9,68.577,233.7465,150.7612,0.2109
tik,890,0,10,68.733,233.904,72.9745,0.4372
tik,890,0,11,68.7485,234.141,150.0015,0.112
tik,890,0,12,69.16,234.3535,21.8545,0.9912
tik,890,0,13,69.603,234.4705,75.8663,0.1392
tik,891,0,0,71.7615,235.888,85.0527,0.1044
tik,891,0,1,71.826,235.9645,61.7674,0.2917
tik,891,0,2,71.8555,236.0615,38.5814,0.1011
tik,892,0,0,72.226,239.698,124.5274,1.8596
tik,892,0,1,70.945,239.6875,45.8425,2.1647
tik,892,0,2,70.295,238.857,152.5599,0.2344
tik,892,0,3,70.4635,239.0145,73.0406,0.4422
tik,892,0,4,70.4675,239.2555,154.01,0.1346
tik,892,0,5,70.948,239.664,35.0132,1.3211
tik,892,0,6,72.182,239.0185,124.0758,2.4737
tik,892,0,7,73.2065,239.0745,72.9437,2.2604
tik,892,0,8,73.3505,240.2125,162.9481,0.3922
tik,893,0,0,75.182,245.5115,72.9323,1.9216
tik,893,0,1,75.2765,246.4875,162.9523,0.3922
tik,893,0,2,74.8745,245.8455,72.9518,1.4633
tik,893,0,3,74.0035,245.347,162.978,1.3732
tik,893,0,4,73.5555,246.2275,72.9418,1.4215
tik,893,0,5,73.577,246.9645,162.9094,0.3913
tik,893,0,6,73.1815,246.3425,72.9415,1.4215
tik,893,0,7,72.504,245.807,162.9319,0.9812
tik,893,0,8,72.25,246.6505,72.9144,1.4636
tik,893,0,9,72.2775,247.4075,162.9481,0.3922
tik,893,0,10,71.808,246.5465,72.9323,1.9216
tik,894,0,0,38.4675,141.397,0.0,0.313
tik,894,0,1,38.508,142.6125,95.4514,2.442
tik,894,0,2,38.077,143.828,0.0,0.63
tik,894,0,3,37.762,141.7105,90.0,4.235
tik,894,0,4,38.0365,139.593,0.0,0.549
tik,894,0,5,38.311,140.495,90.0,1.804
tik,894,1,0,38.3835,143.358,0.0,0.145
tik,894,1,1,38.4705,142.613,91.115,1.4903
tik,894,1,2,38.398,141.868,0.0,0.174
tik,894,1,3,38.311,142.613,90.0,1.49
tik,895,0,0,43.8135,143.768,153.7108,0.28
tik,895,0,1,43.683,141.755,89.8619,4.15
tik,895,0,2,43.8085,139.742,25.4108,0.289
tik,895,0,3,43.939,140.1185,90.0,0.629
tik,895,0,4,43.813,140.337,37.3021,0.3168
tik,895,0,5,43.689,141.7565,89.9244,3.031
tik,895,0,6,43.815,143.1805,143.5743,0.3082
tik,896,0,0,45.0865,139.593,0.0,0.549
tik,896,0,1,45.361,141.189,90.0,3.192
tik,896,0,2,46.9295,141.1015,132.9749,4.6019
tik,896,0,3,48.498,141.623,90.0,4.41
tik,896,0,4,48.2235,143.828,0.0,0.549
tik,896,0,5,47.949,142.2825,90.0,3.091
tik,896,0,6,46.3805,142.384,133.6017,4.5487
tik,897,0,0,53.93,143.593,90.0,0.47
tik,897,0,1,53.094,143.828,0.0,1.672
tik,897,0,2,51.93,142.7385,73.2454,2.2756
tik,897,0,3,51.653,141.649,0.0,0.102
tik,897,0,4,51.7845,141.728,44.4643,0.2256
tik,897,0,5,52.6905,141.4145,154.5702,1.8281
tik,897,0,6,53.506,140.918,84.5088,0.209
tik,897,0,7,53.4665,140.7175,73.0005,0.2018
tik,897,0,8,52.566,140.492,8.4244,1.761
tik,897,0,9,51.6515,140.423,125.9426,0.1482
tik,897,0,10,51.577,140.548,115.4968,0.144
tik,897,0,11,51.348,140.428,43.0556,0.542
tik,897,0,12,51.203,140.161,122.8758,0.1953
tik,897,0,13,51.9575,141.287,59.8556,2.7938
tik,897,0,14,52.509,142.4865,3.243,0.3005
tik,897,0,15,52.4915,142.918,73.2412,0.919
tik,898,0,0,56.439,140.495,53.5817,2.4357
tik,898,0,1,57.244,141.6065,58.0532,0.3099
tik,898,0,2,56.769,142.8615,116.3709,2.508
tik,898,0,3,56.0715,143.971,5.6935,0.2824
tik,898,0,4,55.802,143.9165,17.4286,0.2704
tik,898,0,5,55.858,142.558,97.9901,2.6618
tik,898,0,6,56.15,141.2485,4.5415,0.2147
tik,898,0,7,56.3555,141.29,18.5248,0.2078
tik,898,0,8,56.46,141.317,134.9454,0.017
tik,898,0,9,55.8995,140.563,52.8615,1.8766
tik,898,0,10,55.5245,139.665,141.9299,0.4865
tik,898,1,0,56.1355,141.7195,174.118,0.1659
tik,898,1,1,55.972,141.7535,162.5271,0.1698
tik,898,1,2,55.9785,142.6375,84.1804,1.7259
tik,898,1,3,56.159,143.5055,5.8363,0.187
tik,898,1,4,56.337,143.5045,172.9593,0.1713
tik,898,1,5,56.5045,142.6395,95.5145,1.717
tik,898,1,6,56.4995,141.7575,17.4451,0.1834
tik,898,1,7,56.315,141.72,5.8828,0.195
tik,899,0,0,61.7955,141.476,12.6346,0.2285
tik,899,0,1,61.4565,142.6645,111.1659,2.4954
tik,899,0,2,60.6735,143.828,0.0,0.665
tik,899,0,3,60.341,141.7105,90.0,4.235
tik,899,0,4,60.6155,139.593,0.0,0.549
tik,899,0,5,60.89,140.495,90.0,1.804
tik,899,0,6,61.003,141.397,0.0,0.226
tik,899,0,7,61.7525,140.495,125.2087,2.2079
tik,899,0,8,62.7025,139.593,0.0,0.627
tik,899,0,9,62.35,140.522,125.6367,2.2861
tik,899,1,0,60.9625,143.358,0.0,0.145
tik,899,1,1,61.0495,142.613,91.115,1.4903
tik,899,1,2,60.977,141.868,0.0,0.174
tik,899,1,3,60.89,142.613,90.0,1.49
tik,900,0,0,64.604,141.757,66.5636,5.8834
tik,900,0,1,63.6335,138.968,155.7193,0.4377
tik,900,0,2,65.006,141.594,66.6412,5.917
tik,901,0,0,70.0365,143.768,153.7108,0.28
tik,901,0,1,69.906,141.755,89.8619,4.15
tik,901,0,2,70.0315,139.742,25.4108,0.289
tik,901,0,3,70.162,140.1185,90.0,0.629
tik,901,0,4,70.036,140.337,37.3021,0.3168
tik,901,0,5,69.912,141.7565,89.9244,3.031
tik,901,0,6,70.038,143.1805,143.5743,0.3082
tik,902,0,0,71.97,141.757,66.5636,5.8834
tik,902,0,1,70.9995,138.968,155.7191,0.4377
tik,902,0,2,72.372,141.594,66.6412,5.917
tik,903,0,0,74.2265,143.828,0.0,0.577
tik,903,0,1,74.8245,141.6315,111.9788,4.7373
tik,903,0,2,76.3145,140.997,68.8752,3.3491
tik,903,0,3,77.5215,140.997,111.1248,3.3491
tik,903,0,4,79.0115,141.6315,68.0212,4.7373
tik,903,0,5,79.609,143.828,0.0,0.578
tik,903,0,6,78.7225,142.3205,68.3791,3.2432
tik,903,0,7,77.5215,142.399,110.8325,3.3939
tik,903,0,8,76.3165,142.4325,68.8217,3.3299
tik,904,0,0,81.404,141.757,66.5636,5.8834
tik,904,0,1,80.4335,138.968,155.7191,0.4377
tik,904,0,2,81.806,141.594,66.6412,5.917
tik,905,0,0,85.5235,143.358,0.0,1.011
tik,905,0,1,86.029,143.593,90.0,0.47
tik,905,0,2,84.7435,143.828,0.0,2.571
tik,905,0,3,83.458,143.593,90.0,0.47
tik,905,0,4,83.964,143.358,0.0,1.012
tik,905,0,5,84.47,141.4755,90.0,3.765
tik,905,0,6,84.744,139.593,0.0,0.548
tik,906,0,0,29.7535,147.949,12.6346,0.2285
tik,906,0,1,29.4145,149.1375,111.1659,2.4954
tik,906,0,2,28.6315,150.301,0.0,0.665
tik,906,0,3,28.299,148.1835,90.0,4.235
tik,906,0,4,28.5735,146.066,0.0,0.549
tik,906,0,5,28.848,146.968,90.0,1.804
tik,906,0,6,28.961,147.87,0.0,0.226
tik,906,0,7,29.7105,146.968,125.2086,2.2079
tik,906,0,8,30.6605,146.066,0.0,0.627
tik,906,0,9,30.308,146.995,125.6367,2.2861
tik,906,1,0,28.9205,149.831,0.0,0.145
tik,906,1,1,29.0075,149.086,91.115,1.4903
tik,906,1,2,28.935,148.341,0.0,0.174
tik,906,1,3,28.848,149.086,90.0,1.49
tik,907,0,0,31.4435,148.732,0.0,0.575
tik,907,0,1,31.8275,147.36,116.0787,3.055
tik,907,0,2,32.8875,146.893,66.767,1.9697
tik,907,0,3,33.6625,146.893,113.126,1.9682
tik,907,0,4,34.72,147.36,63.9381,3.0546
tik,907,0,5,35.1035,148.732,0.0,0.575
tik,907,0,6,34.4325,147.9055,65.1086,1.8223
tik,907,0,7,33.663,147.979,113.2137,1.9586
tik,907,0,8,32.888,147.979,66.6251,1.961
tik,908,0,0,36.164,145.577,62.4141,2.2588
tik,908,0,1,35.931,144.576,0.0,0.58
tik,908,0,2,37.2975,146.654,62.6138,4.6806
tik,908,0,3,38.087,148.732,0.0,0.574
tik,908,0,4,37.3825,147.9115,63.0313,1.8412
tik,908,0,5,36.5165,147.9115,118.6619,1.8701
tik,908,0,6,35.77,148.732,0.0,0.596
tik,909,0,0,41.848,147.9485,90.0,3.765
tik,909,0,1,42.083,146.066,0.0,0.47
tik,909,0,2,42.318,148.1835,90.0,4.235
tik,909,0,3,41.86,150.301,0.0,0.916
tik,909,0,4,41.255,150.066,57.9726,0.5544
tik,910,0,0,45.59,148.1045,179.6963,0.19
tik,910,0,1,45.2365,147.543,51.3584,1.4365
tik,910,0,2,44.7715,147.056,102.5718,0.1516
tik,910,0,3,44.498,147.13,0.0,0.514
tik,910,0,4,44.26,147.006,98.7124,0.2509
tik,910,0,5,45.3565,147.5615,32.2362,2.5477
tik,910,0,6,46.3655,148.285,147.2824,0.1628
tik,910,0,7,46.4025,148.4215,41.2429,0.2806
tik,910,0,8,45.4525,149.07,152.2213,2.386
tik,910,0,9,44.37,149.502,77.7152,0.2538
tik,910,0,10,44.606,149.378,0.0,0.526
tik,910,0,11,44.884,149.4435,77.1,0.1344
tik,910,0,12,45.2725,149.0465,128.9236,1.189
tik,910,0,13,45.5625,148.58,2.7411,0.1672
tik,911,0,0,48.4273,148.1054,0.0,1.2547
tik,911,0,1,49.0547,147.9092,90.0,0.3924
tik,911,0,2,48.4273,147.713,0.0,1.2547
tik,911,0,3,47.8,147.9092,90.0,0.3924
tik,912,0,0,51.25,148.1045,179.6963,0.19
tik,912,0,1,50.8965,147.543,51.3584,1.4365
tik,912,0,2,50.4315,147.056,102.5718,0.1516
tik,912,0,3,50.158,147.13,0.0,0.514
tik,912,0,4,49.92,147.006,98.7124,0.2509
tik,912,0,5,51.0165,147.5615,32.2362,2.5477
tik,912,0,6,52.0255,148.285,147.2824,0.1628
tik,912,0,7,52.0625,148.4215,41.2429,0.2806
tik,912,0,8,51.1125,149.07,152.2213,2.386
tik,912,0,9,50.0305,149.502,77.9358,0.2536
tik,912,0,10,50.2665,149.378,0.0,0.525
tik,912,0,11,50.544,149.4435,77.1,0.1344
tik,912,0,12,50.932,149.0465,128.8862,1.1883
tik,912,0,13,51.2215,148.58,2.7411,0.1672
tik,913,0,0,54.559,147.9485,90.0,3.765
tik,913,0,1,54.794,146.066,0.0,0.47
tik,913,0,2,55.029,148.1835,90.0,4.235
tik,913,0,3,54.571,150.301,0.0,0.916
tik,913,0,4,53.966,150.066,57.9726,0.5544
tik,914,0,0,38.4675,154.342,0.0,0.313
tik,914,0,1,38.508,155.5575,95.4514,2.442
tik,914,0,2,38.077,156.773,0.0,0.63
tik,914,0,3,37.762,154.6555,90.0,4.235
tik,914,0,4,38.0365,152.538,0.0,0.549
tik,914,0,5,38.311,153.44,90.0,1.804
tik,914,1,0,38.3835,156.303,0.0,0.145
tik,914,1,1,38.4705,155.558,91.115,1.4903
tik,914,1,2,38.398,154.813,0.0,0.174
tik,914,1,3,38.311,155.558,90.0,1.49
tik,915,0,0,43.8135,156.713,153.7108,0.28
tik,915,0,1,43.683,154.7,89.8619,4.15
tik,915,0,2,43.8085,152.687,25.4108,0.289
tik,915,0,3,43.939,153.0635,90.0,0.629
tik,915,0,4,43.813,153.282,37.3021,0.3168
tik,915,0,5,43.689,154.7015,89.9244,3.031
tik,915,0,6,43.815,156.1255,143.5743,0.3082
tik,916,0,0,45.0865,152.539,0.0,0.549
tik,916,0,1,45.361,154.135,90.0,3.192
tik,916,0,2,46.9295,154.0475,132.9749,4.6019
tik,916,0,3,48.498,154.569,90.0,4.41
tik,916,0,4,48.2235,156.774,0.0,0.549
tik,916,0,5,47.949,155.2285,90.0,3.091
tik,916,0,6,46.3805,155.33,133.6017,4.5487
tik,917,0,0,52.3405,154.5265,58.2695,4.1774
tik,917,0,1,51.4475,152.605,144.7954,0.503
tik,917,0,2,52.977,154.6165,58.4518,5.061
tik,917,0,3,52.7715,156.773,0.0,3.059
tik,917,0,4,51.242,156.538,90.0,0.47
tik,918,0,0,56.16,154.5775,179.6963,0.19
tik,918,0,1,55.8065,154.016,51.3584,1.4365
tik,918,0,2,55.3415,153.529,102.5718,0.1516
tik,918,0,3,55.068,153.603,0.0,0.514
tik,918,0,4,54.83,153.479,98.7124,0.2509
tik,918,0,5,55.9265,154.0345,32.2362,2.5477
tik,918,0,6,56.9355,154.758,147.2824,0.1628
tik,918,0,7,56.973,154.8945,41.1087,0.2814
tik,918,0,8,56.023,155.543,152.2325,2.3869
tik,918,0,9,54.9405,155.975,77.9358,0.2536
tik,918,0,10,55.1765,155.851,0.0,0.525
tik,918,0,11,55.454,155.9165,77.1,0.1344
tik,918,0,12,55.8425,155.5195,128.9236,1.189
tik,918,0,13,56.1325,155.053,2.7411,0.1672
tik,919,0,0,61.7955,154.421,12.6346,0.2285
tik,919,0,1,61.4565,155.6095,111.1659,2.4954
tik,919,0,2,60.6735,156.773,0.0,0.665
tik,919,0,3,60.341,154.6555,90.0,4.235
tik,919,0,4,60.6155,152.538,0.0,0.549
tik,919,0,5,60.89,153.44,90.0,1.804
tik,919,0,6,61.003,154.342,0.0,0.226
tik,919,0,7,61.7525,153.44,125.2087,2.2079
tik,919,0,8,62.7025,152.538,0.0,0.627
tik,919,0,9,62.35,153.467,125.6367,2.2861
tik,919,1,0,60.9625,156.303,0.0,0.145
tik,919,1,1,61.0495,155.558,91.115,1.4903
tik,919,1,2,60.977,154.813,0.0,0.174
tik,919,1,3,60.89,155.558,90.0,1.49
tik,920,0,0,64.604,154.702,66.5636,5.8834
tik,920,0,1,63.6335,151.913,155.7193,0.4377
tik,920,0,2,65.006,154.539,66.6412,5.917
tik,921,0,0,70.0365,156.713,153.7108,0.28
tik,921,0,1,69.906,154.7,89.8619,4.15
tik,921,0,2,70.0315,152.687,25.4108,0.289
tik,921,0,3,70.162,153.0635,90.0,0.629
tik,921,0,4,70.036,153.282,37.3021,0.3168
tik,921,0,5,69.912,154.7015,89.9244,3.031
tik,921,0,6,70.038,156.1255,143.5743,0.3082
tik,922,0,0,71.97,154.702,66.5636,5.8834
tik,922,0,1,70.9995,151.913,155.7191,0.4377
tik,922,0,2,72.372,154.539,66.6412,5.917
tik,923,0,0,74.2265,156.774,0.0,0.577
tik,923,0,1,74.8245,154.5775,111.9788,4.7373
tik,923,0,2,76.3145,153.943,68.8752,3.3491
tik,923,0,3,77.5215,153.943,111.1248,3.3491
tik,923,0,4,79.0115,154.5775,68.0212,4.7373
tik,923,0,5,79.609,156.774,0.0,0.578
tik,923,0,6,78.7225,155.2665,68.3791,3.2432
tik,923,0,7,77.5215,155.345,110.8325,3.3939
tik,923,0,8,76.3165,155.3785,68.8217,3.3299
tik,924,0,0,81.404,154.702,66.5636,5.8834
tik,924,0,1,80.4335,151.913,155.7191,0.4377
tik,924,0,2,81.806,154.539,66.6412,5.917
tik,925,0,0,85.5235,156.303,0.0,1.011
tik,925,0,1,86.029,156.538,90.0,0.47
tik,925,0,2,84.7435,156.773,0.0,2.571
tik,925,0,3,83.458,156.538,90.0,0.47
tik,925,0,4,83.964,156.303,0.0,1.012
tik,925,0,5,84.47,154.4205,90.0,3.765
tik,925,0,6,84.744,152.538,0.0,0.548
tik,926,0,0,29.7535,160.894,12.6346,0.2285
tik,926,0,1,29.4145,162.0825,111.1659,2.4954
tik,926,0,2,28.6315,163.246,0.0,0.665
tik,926,0,3,28.299,161.1285,90.0,4.235
tik,926,0,4,28.5735,159.011,0.0,0.549
tik,926,0,5,28.848,159.913,90.0,1.804
tik,926,0,6,28.961,160.815,0.0,0.226
tik,926,0,7,29.7105,159.913,125.2086,2.2079
tik,926,0,8,30.6605,159.011,0.0,0.627
tik,926,0,9,30.308,159.94,125.6367,2.2861
tik,926,1,0,28.9205,162.776,0.0,0.145
tik,926,1,1,29.0075,162.031,91.115,1.4903
tik,926,1,2,28.935,161.286,0.0,0.174
tik,926,1,3,28.848,162.031,90.0,1.49
tik,927,0,0,31.4435,161.678,0.0,0.575
tik,927,0,1,31.8275,160.306,116.0787,3.055
tik,927,0,2,32.8875,159.839,66.767,1.9697
tik,927,0,3,33.6625,159.839,113.126,1.9682
tik,927,0,4,34.72,160.306,63.9381,3.0546
tik,927,0,5,35.1035,161.678,0.0,0.575
tik,927,0,6,34.4325,160.8515,65.1086,1.8223
tik,927,0,7,33.663,160.925,113.2137,1.9586
tik,927,0,8,32.888,160.925,66.6251,1.961
tik,928,0,0,36.164,158.522,62.4141,2.2588
tik,928,0,1,35.931,157.521,0.0,0.58
tik,928,0,2,37.2975,159.599,62.6138,4.6806
tik,928,0,3,38.087,161.677,0.0,0.574
tik,928,0,4,37.3825,160.8565,63.0313,1.8412
tik,928,0,5,36.5165,160.8565,118.6619,1.8701
tik,928,0,6,35.77,161.677,0.0,0.596
tik,929,0,0,41.848,160.8935,90.0,3.765
tik,929,0,1,42.083,159.011,0.0,0.47
tik,929,0,2,42.318,161.1285,90.0,4.235
tik,929,0,3,41.86,163.246,0.0,0.916
tik,929,0,4,41.255,163.011,57.9726,0.5544
tik,930,0,0,44.288,160.05,95.3817,0.2772
tik,930,0,1,45.339,160.5215,30.4208,2.4074
tik,930,0,2,46.303,161.1665,154.3674,0.1642
tik,930,0,3,46.348,161.292,37.0989,0.2984
tik,930,0,4,45.565,161.382,0.0,1.804
tik,930,0,5,44.7755,161.292,141.3411,0.2881
tik,930,0,6,44.8175,161.1665,26.7322,0.1579
tik,930,0,7,44.516,160.742,59.2963,0.9048
tik,930,0,8,44.28,160.2705,86.5325,0.1653
tik,930,1,0,45.642,162.9255,174.1402,0.1468
tik,930,1,1,45.784,162.896,162.3133,0.1448
tik,930,1,2,45.7795,162.1675,84.0607,1.4206
tik,930,1,3,45.6375,161.452,7.4872,0.1382
tik,930,1,4,45.5005,161.452,172.5126,0.1382
tik,930,1,5,45.3585,162.1675,95.9395,1.4206
tik,930,1,6,45.354,162.896,17.6867,0.1448
tik,930,1,7,45.496,162.9255,5.8598,0.1468
tik,930,2,0,45.6485,160.964,174.2569,0.1598
tik,930,2,1,45.803,160.934,163.6498,0.1563
tik,930,2,2,45.801,160.1655,84.111,1.5009
tik,930,2,3,45.6465,159.411,5.8902,0.1558
tik,930,2,4,45.4915,159.411,174.1096,0.1558
tik,930,2,5,45.3365,160.1655,95.927,1.501
tik,930,2,6,45.3345,160.934,16.2481,0.1573
tik,930,2,7,45.4895,160.964,5.7431,0.1598
tik,931,0,0,48.4273,161.0504,0.0,1.2547
tik,931,0,1,49.0547,160.8542,90.0,0.3924
tik,931,0,2,48.4273,160.658,0.0,1.2547
tik,931,0,3,47.8,160.8542,90.0,0.3924
tik,932,0,0,51.25,161.0495,179.6963,0.19
tik,932,0,1,50.8965,160.488,51.3584,1.4365
tik,932,0,2,50.4315,160.001,102.5718,0.1516
tik,932,0,3,50.158,160.075,0.0,0.514
tik,932,0,4,49.92,159.951,98.7124,0.2509
tik,932,0,5,51.0165,160.5065,32.2362,2.5477
tik,932,0,6,52.0255,161.23,147.2824,0.1628
tik,932,0,7,52.0625,161.3665,41.2429,0.2806
tik,932,0,8,51.1125,162.015,152.2213,2.386
tik,932,0,9,50.0305,162.447,77.9358,0.2536
tik,932,0,10,50.2665,162.323,0.0,0.525
tik,932,0,11,50.544,162.3885,77.1,0.1344
tik,932,0,12,50.932,161.992,128.9167,1.1875
tik,932,0,13,51.2215,161.5255,3.0857,0.1672
tik,933,0,0,54.534,162.417,53.7485,2.4453
tik,933,0,1,53.729,161.303,57.3563,0.304
tik,933,0,2,54.204,160.054,116.4218,2.5035
tik,933,0,3,54.901,158.947,5.7137,0.2814
tik,933,0,4,55.1705,159.001,17.1622,0.2711
tik,933,0,5,55.1175,160.359,97.8835,2.6611
tik,933,0,6,54.8255,161.6635,7.0226,0.2207
tik,933,0,7,54.6175,161.6135,20.3322,0.2101
tik,933,0,8,54.513,161.5825,137.5275,0.0163
tik,933,0,9,55.0735,162.3805,54.4417,1.9483
tik,933,0,10,55.4485,163.288,149.013,0.4468
tik,933,1,0,54.666,159.412,174.224,0.1789
tik,933,1,1,54.493,159.4475,162.4879,0.1762
tik,933,1,2,54.496,160.3305,84.2,1.7218
tik,933,1,3,54.669,161.197,6.6289,0.1732
tik,933,1,4,54.839,161.198,173.8929,0.169
tik,933,1,5,55.0095,160.3305,95.7535,1.7257
tik,933,1,6,55.0125,159.446,17.296,0.1749
tik,933,1,7,54.842,159.4115,5.5796,0.1748
tik,934,0,0,225.468,113.868,90.0,0.47
tik,934,0,1,224.4285,114.1035,179.9722,2.079
tik,934,0,2,223.388,111.9865,89.973,4.235
tik,934,0,3,223.662,109.869,0.0,0.55
tik,934,0,4,223.937,110.9275,90.0,2.117
tik,934,0,5,224.6765,111.986,0.0,1.479
tik,934,0,6,225.4165,112.221,89.8772,0.47
tik,934,0,7,224.677,112.4565,179.961,1.48
tik,934,0,8,223.9375,113.0455,89.951,1.177
tik,935,0,0,207.307,122.395,90.0,0.47
tik,935,0,1,206.2675,122.6305,179.9722,2.079
tik,935,0,2,205.227,120.5135,89.973,4.235
tik,935,0,3,205.501,118.396,0.0,0.55
tik,935,0,4,205.776,119.4545,90.0,2.117
tik,935,0,5,206.5155,120.513,0.0,1.479
tik,935,0,6,207.255,120.748,90.0,0.47
tik,935,0,7,206.5155,120.9835,179.961,1.479
tik,935,0,8,205.7765,121.5725,89.951,1.177
tik,936,0,0,167.923,456.018,63.586,0.3417
tik,936,0,1,167.847,453.366,90.0,4.998
tik,936,0,2,167.923,450.707,115.4072,0.3543
tik,936,0,3,168.208,450.7025,36.6491,0.521
tik,936,0,4,168.3555,451.002,113.126,0.3132
tik,936,0,5,168.294,453.3645,90.0,4.437
tik,936,0,6,168.3555,455.7215,66.056,0.3031
tik,937,0,0,169.8635,451.625,0.0,0.987
tik,937,0,1,170.7415,452.7295,70.806,2.339
tik,937,0,2,171.0375,453.859,164.225,0.1839
tik,937,0,3,170.949,453.889,90.0,0.01
tik,937,0,4,171.048,453.962,34.4845,0.2402
tik,937,0,5,170.527,454.945,124.1212,2.2105
tik,937,0,6,169.6385,455.86,0.0,0.537
tik,937,0,7,169.37,453.7425,90.0,4.235
tik,937,1,0,169.9905,455.39,0.0,0.143
tik,937,1,1,170.0565,454.684,89.5536,1.412
tik,937,1,2,169.985,453.978,0.0,0.132
tik,937,1,3,169.919,454.684,90.0,1.412
tik,937,2,0,170.078,453.586,0.0,0.318
tik,937,2,1,170.27,452.8405,92.5344,1.4925
tik,937,2,2,170.111,452.095,0.0,0.384
tik,937,2,3,169.919,452.84,90.0,1.49
tik,938,0,0,175.4445,452.174,113.9187,1.2012
tik,938,0,1,175.974,451.625,0.0,0.572
tik,938,0,2,175.2405,453.852,114.5978,4.8985
tik,938,0,3,173.2015,453.852,65.4022,4.8985
tik,938,0,4,172.468,451.625,0.0,0.572
tik,938,0,5,172.9975,452.174,66.0813,1.2012
tik,938,0,6,174.221,452.723,0.0,1.96
tik,938,1,0,174.221,453.193,0.0,1.518
tik,938,1,1,173.8415,454.0545,66.2258,1.8828
tik,938,1,2,174.6005,454.0545,113.7742,1.8828
tik,939,0,0,179.2045,455.467,124.3373,0.172
tik,939,0,1,179.1005,455.6005,131.6031,0.1672
tik,939,0,2,178.2585,454.8315,46.5928,2.2891
tik,939,0,3,177.558,453.953,151.3422,0.196
tik,939,0,4,177.734,453.864,154.9823,0.1986
tik,939,0,5,177.563,453.1675,68.2587,1.4092
tik,939,0,6,177.278,452.592,106.896,0.1651
tik,939,0,7,177.247,452.7575,94.629,0.1736
tik,939,0,8,176.9655,452.786,11.9305,0.5611
tik,939,0,9,176.7185,452.6025,102.3576,0.257
tik,939,0,10,176.793,452.363,112.4077,0.2466
tik,939,0,11,178.0265,452.894,28.5293,2.701
tik,939,0,12,179.148,453.6225,127.9011,0.2116
tik,939,0,13,179.0045,453.778,137.4732,0.213
tik,939,0,14,178.835,453.913,145.3043,0.2214
tik,939,0,15,178.115,454.338,150.0788,1.4515
tik,939,0,16,177.466,454.7535,110.5023,0.1142
tik,939,0,17,177.439,454.867,96.6502,0.1208
tik,939,0,18,177.894,455.2235,32.6909,1.0979
tik,939,0,19,178.4465,455.4815,156.9555,0.1967
tik,939,0,20,178.6125,455.3785,139.4932,0.1986
tik,939,0,21,178.752,455.225,125.7222,0.2192
tik,940,0,0,181.329,451.625,0.0,2.306
tik,940,0,1,182.482,451.86,90.0,0.47
tik,940,0,2,181.6035,452.095,0.0,1.757
tik,940,0,3,180.725,452.919,90.0,1.648
tik,940,0,4,181.5775,453.743,0.0,1.705
tik,940,0,5,182.43,453.978,90.0,0.47
tik,940,0,6,181.5775,454.213,0.0,1.705
tik,940,0,7,180.725,454.8015,90.0,1.177
tik,940,0,8,181.6035,455.39,0.0,1.757
tik,940,0,9,182.482,455.625,90.0,0.47
tik,940,0,10,181.329,455.86,0.0,2.306
tik,941,0,0,187.082,456.011,3.0648,0.2243
tik,941,0,1,186.86,455.9885,8.5319,0.2225
tik,941,0,2,186.8585,453.765,92.8144,4.4193
tik,941,0,3,187.0805,451.5525,177.2254,0.2273
tik,941,0,4,187.307,451.5525,2.787,0.2263
tik,941,0,5,187.5285,453.765,87.1856,4.4193
tik,941,0,6,187.5275,455.9885,171.4294,0.2215
tik,941,0,7,187.306,456.011,176.9352,0.2243
tik,941,1,0,187.109,452.021,177.3072,0.1702
tik,941,1,1,186.9415,452.0385,170.7044,0.1672
tik,941,1,2,186.9355,453.7945,87.4862,3.4884
tik,941,1,3,187.103,455.542,3.1431,0.1823
tik,941,1,4,187.2855,455.542,176.8739,0.1833
tik,941,1,5,187.453,453.7945,92.4975,3.4883
tik,941,1,6,187.4465,452.0385,9.2956,0.1672
tik,941,1,7,187.279,452.021,2.6928,0.1702
tik,942,0,0,190.9155,453.429,0.0,0.313
tik,942,0,1,190.956,454.6445,95.4517,2.442
tik,942,0,2,190.525,455.86,0.0,0.63
tik,942,0,3,190.21,453.7425,90.0,4.235
tik,942,0,4,190.4845,451.625,0.0,0.549
tik,942,0,5,190.759,452.527,90.0,1.804
tik,942,1,0,190.8315,455.39,0.0,0.145
tik,942,1,1,190.9185,454.645,91.1147,1.4903
tik,942,1,2,190.846,453.9,0.0,0.174
tik,942,1,3,190.759,454.645,90.0,1.49
tik,943,0,0,195.5865,455.467,124.3373,0.172
tik,943,0,1,195.4825,455.6005,131.6031,0.1672
tik,943,0,2,194.6405,454.8315,46.5928,2.2891
tik,943,0,3,193.94,453.953,151.3422,0.196
tik,943,0,4,194.116,453.864,154.9823,0.1986
tik,943,0,5,193.945,453.1675,68.2587,1.4092
tik,943,0,6,193.66,452.592,106.896,0.1651
tik,943,0,7,193.6285,452.7575,94.9551,0.1737
tik,943,0,8,193.347,452.786,11.9515,0.5601
tik,943,0,9,193.1005,452.6025,102.3576,0.257
tik,943,0,10,193.175,452.363,112.4077,0.2466
tik,943,0,11,194.4085,452.894,28.5293,2.701
tik,943,0,12,195.53,453.6225,127.9011,0.2116
tik,943,0,13,195.3865,453.778,137.4732,0.213
tik,943,0,14,195.217,453.913,145.3043,0.2214
tik,943,0,15,194.497,454.338,150.0788,1.4515
tik,943,0,16,193.848,454.7535,110.5023,0.1142
tik,943,0,17,193.8205,454.867,97.1241,0.1209
tik,943,0,18,194.2755,455.2235,32.6625,1.0988
tik,943,0,19,194.8285,455.4815,156.9555,0.1967
tik,943,0,20,194.9945,455.3785,139.4932,0.1986
tik,943,0,21,195.134,455.225,125.7222,0.2192
tik,944,0,0,196.5275,455.7215,113.944,0.3031
tik,944,0,1,196.589,453.3645,90.0,4.437
tik,944,0,2,196.5275,451.002,66.8729,0.3132
tik,944,0,3,196.675,450.7025,143.3496,0.521
tik,944,0,4,196.96,450.7065,64.5216,0.3534
tik,944,0,5,197.036,453.3655,90.0,4.999
tik,944,0,6,196.96,456.018,116.4163,0.3417
tik,945,0,0,152.2035,458.575,113.9187,1.2012
tik,945,0,1,152.733,458.026,0.0,0.572
tik,945,0,2,151.9995,460.253,114.5978,4.8985
tik,945,0,3,149.9605,460.253,65.4022,4.8985
tik,945,0,4,149.227,458.026,0.0,0.572
tik,945,0,5,149.7565,458.575,66.0813,1.2012
tik,945,0,6,150.98,459.124,0.0,1.96
tik,945,1,0,150.98,459.595,0.0,1.518
tik,945,1,1,150.6005,460.456,66.2136,1.8819
tik,945,1,2,151.3595,460.456,113.7864,1.8819
tik,946,0,0,153.9167,462.261,0.0,0.5494
tik,946,0,1,154.1914,460.1435,90.0,4.235
tik,946,0,2,153.9167,458.026,0.0,0.5494
tik,946,0,3,153.642,460.1435,90.0,4.235
tik,947,0,0,156.6675,459.909,12.6379,0.2285
tik,947,0,1,156.3285,461.0975,111.1662,2.4953
tik,947,0,2,155.5455,462.261,0.0,0.665
tik,947,0,3,155.213,460.1435,90.0,4.235
tik,947,0,4,155.4875,458.026,0.0,0.549
tik,947,0,5,155.762,458.928,90.0,1.804
tik,947,0,6,155.875,459.83,0.0,0.226
tik,947,0,7,156.6245,458.928,125.2087,2.2079
tik,947,0,8,157.5745,458.026,0.0,0.627
tik,947,0,9,157.222,458.955,125.6367,2.2861
tik,947,1,0,155.8345,461.791,0.0,0.145
tik,947,1,1,155.9215,461.046,91.1153,1.4903
tik,947,1,2,155.849,460.301,0.0,0.174
tik,947,1,3,155.762,461.046,90.0,1.49
tik,948,0,0,160.62,462.026,90.0,0.47
tik,948,0,1,159.58,462.261,0.0,2.08
tik,948,0,2,158.54,460.1435,90.0,4.235
tik,948,0,3,158.815,458.026,0.0,0.55
tik,948,0,4,159.09,459.085,90.0,2.118
tik,948,0,5,159.8295,460.144,0.0,1.479
tik,948,0,6,160.569,460.379,90.0,0.47
tik,948,0,7,159.8295,460.614,0.0,1.479
tik,948,0,8,159.09,461.2025,90.0,1.177
tik,949,0,0,161.7527,462.261,0.0,0.5494
tik,949,0,1,162.0274,460.1435,90.0,4.235
tik,949,0,2,161.7527,458.026,0.0,0.5494
tik,949,0,3,161.478,460.1435,90.0,4.235
tik,950,0,0,164.202,458.026,0.0,2.306
tik,950,0,1,165.355,458.261,90.0,0.47
tik,950,0,2,164.4765,458.496,0.0,1.757
tik,950,0,3,163.598,459.32,90.0,1.648
tik,950,0,4,164.4505,460.144,0.0,1.705
tik,950,0,5,165.303,460.379,90.0,0.47
tik,950,0,6,164.4505,460.614,0.0,1.705
tik,950,0,7,163.598,461.2025,90.0,1.177
tik,950,0,8,164.4765,461.791,0.0,1.757
tik,950,0,9,165.355,462.026,90.0,0.47
tik,950,0,10,164.202,462.261,0.0,2.306
tik,951,0,0,166.5265,462.261,0.0,0.549
tik,951,0,1,166.252,460.1435,90.0,4.235
tik,951,0,2,167.173,458.026,0.0,1.842
tik,951,0,3,168.094,458.261,90.0,0.47
tik,951,0,4,167.4475,458.496,0.0,1.293
tik,952,0,0,169.127,458.026,0.0,0.88
tik,952,0,1,169.5755,460.1435,89.77,4.235
tik,952,0,2,169.1355,462.261,0.0,0.897
tik,952,0,3,168.687,460.1435,90.0,4.235
tik,952,1,0,169.3285,461.791,0.0,0.185
tik,952,1,1,169.421,460.1435,90.0,3.295
tik,952,1,2,169.3285,458.496,0.0,0.185
tik,952,1,3,169.236,460.1435,90.0,3.295
tik,953,0,0,177.248,459.418,66.5385,3.205
tik,953,0,1,177.8915,460.888,0.0,0.011
tik,953,0,2,178.146,459.457,99.8709,2.905
tik,953,0,3,178.6685,458.026,0.0,0.547
tik,953,0,4,178.507,460.2645,100.997,4.5607
tik,953,0,5,177.341,460.8255,66.4539,3.6597
tik,953,0,6,175.8785,460.8255,113.5603,3.6601
tik,953,0,7,174.7125,460.2645,79.0152,4.5605
tik,953,0,8,174.5515,458.026,0.0,0.547
tik,953,0,9,175.0735,459.451,80.1077,2.893
tik,953,0,10,175.328,460.876,0.0,0.012
tik,954,0,0,182.4545,458.575,113.9187,1.2012
tik,954,0,1,182.984,458.026,0.0,0.572
tik,954,0,2,182.2505,460.253,114.5978,4.8985
tik,954,0,3,180.2115,460.253,65.4022,4.8985
tik,954,0,4,179.478,458.026,0.0,0.572
tik,954,0,5,180.0075,458.575,66.0813,1.2012
tik,954,0,6,181.231,459.124,0.0,1.96
tik,954,1,0,181.231,459.595,0.0,1.518
tik,954,1,1,180.8515,460.456,66.2136,1.8819
tik,954,1,2,181.6105,460.456,113.7864,1.8819
tik,955,0,0,184.1685,458.026,0.0,0.549
tik,955,0,1,184.443,459.622,90.0,3.192
tik,955,0,2,186.0115,459.5345,132.9747,4.6019
tik,955,0,3,187.58,460.056,90.0,4.41
tik,955,0,4,187.3055,462.261,0.0,0.549
tik,955,0,5,187.031,460.7155,90.0,3.091
tik,955,0,6,185.4625,460.817,133.6014,4.5488
tik,956,0,0,191.3795,458.575,113.9187,1.2012
tik,956,0,1,191.909,458.026,0.0,0.572
tik,956,0,2,191.1755,460.253,114.5978,4.8985
tik,956,0,3,189.1365,460.253,65.4022,4.8985
tik,956,0,4,188.403,458.026,0.0,0.572
tik,956,0,5,188.9325,458.575,66.0813,1.2012
tik,956,0,6,190.156,459.124,0.0,1.96
tik,956,1,0,190.156,459.595,0.0,1.518
tik,956,1,1,189.7765,460.456,66.2136,1.8819
tik,956,1,2,190.5355,460.456,113.7864,1.8819
tik,957,0,0,195.037,459.9085,90.0,0.471
tik,957,0,1,195.575,459.673,0.0,1.076
tik,957,0,2,196.0935,459.547,81.2028,0.255
tik,957,0,3,196.0275,459.3035,68.4074,0.2527
tik,957,0,4,194.557,459.6595,161.6075,3.0013
tik,957,0,5,193.137,460.2255,87.5205,0.1852
tik,957,0,6,193.1535,460.408,82.0951,0.1817
tik,957,0,7,194.5045,461.0075,20.8393,2.8644
tik,957,0,8,195.912,461.446,134.182,0.198
tik,957,0,9,196.0415,461.2965,127.6224,0.1982
tik,957,0,10,196.2765,461.405,46.9799,0.5115
tik,957,0,11,196.3715,461.6865,130.073,0.247
tik,957,0,12,196.2025,461.864,137.158,0.2441
tik,957,0,13,194.3965,460.7165,35.6354,4.224
tik,957,0,14,192.7165,459.387,110.238,0.211
tik,957,0,15,192.7985,459.194,115.8294,0.2089
tik,957,0,16,194.7485,459.4335,9.9326,3.867
tik,957,0,17,196.6575,459.8735,87.5797,0.2132
tik,957,0,18,196.662,460.062,90.0,0.164
tik,958,0,0,198.638,458.026,0.0,2.306
tik,958,0,1,199.791,458.261,90.0,0.47
tik,958,0,2,198.9125,458.496,0.0,1.757
tik,958,0,3,198.034,459.32,90.0,1.648
tik,958,0,4,198.8865,460.144,0.0,1.705
tik,958,0,5,199.739,460.379,90.0,0.47
tik,958,0,6,198.8865,460.614,0.0,1.705
tik,958,0,7,198.034,461.2025,90.0,1.177
tik,958,0,8,198.9125,461.791,0.0,1.757
tik,958,0,9,199.791,462.026,90.0,0.47
tik,958,0,10,198.638,462.261,0.0,2.306
tik,959,0,0,203.34,459.418,66.5385,3.205
tik,959,0,1,203.9835,460.888,0.0,0.011
tik,959,0,2,204.238,459.457,99.8709,2.905
tik,959,0,3,204.7605,458.026,0.0,0.547
tik,959,0,4,204.599,460.2645,100.997,4.5607
tik,959,0,5,203.433,460.8255,66.4539,3.6597
tik,959,0,6,201.9705,460.8255,113.5603,3.6601
tik,959,0,7,200.8045,460.2645,79.0152,4.5605
tik,959,0,8,200.6435,458.026,0.0,0.547
tik,959,0,9,201.1655,459.451,80.1077,2.893
tik,959,0,10,201.42,460.876,0.0,0.012
tik,960,0,0,206.908,458.026,0.0,2.306
tik,960,0,1,208.061,458.261,90.0,0.47
tik,960,0,2,207.1825,458.496,0.0,1.757
tik,960,0,3,206.304,459.32,90.0,1.648
tik,960,0,4,207.1565,460.144,0.0,1.705
tik,960,0,5,208.009,460.379,90.0,0.47
tik,960,0,6,207.1565,460.614,0.0,1.705
tik,960,0,7,206.304,461.2025,90.0,1.177
tik,960,0,8,207.1825,461.791,0.0,1.757
tik,960,0,9,208.061,462.026,90.0,0.47
tik,960,0,10,206.908,462.261,0.0,2.306
tik,961,0,0,209.2325,458.026,0.0,0.549
tik,961,0,1,209.507,459.622,90.0,3.192
tik,961,0,2,211.0755,459.5345,132.9747,4.6019
tik,961,0,3,212.644,460.056,90.0,4.41
tik,961,0,4,212.3695,462.261,0.0,0.549
tik,961,0,5,212.095,460.7155,90.0,3.091
tik,961,0,6,210.5265,460.817,133.6014,4.5488
tik,962,0,0,215.3335,461.791,0.0,1.011
tik,962,0,1,215.839,462.026,90.0,0.47
tik,962,0,2,214.5535,462.261,0.0,2.571
tik,962,0,3,213.268,462.026,90.0,0.47
tik,962,0,4,213.774,461.791,0.0,1.012
tik,962,0,5,214.28,459.9085,90.0,3.765
tik,962,0,6,214.554,458.026,0.0,0.548
tik,963,0,0,50.539,179.2695,4.3806,0.1966
tik,963,0,1,50.7265,179.299,13.8027,0.1843
tik,963,0,2,50.727,181.5185,92.3193,4.3986
tik,963,0,3,50.5395,183.724,175.3592,0.1976
tik,963,0,4,50.3425,183.724,4.6408,0.1976
tik,963,0,5,50.155,181.5185,87.6807,4.3986
tik,963,0,6,50.1555,179.299,166.1973,0.1843
tik,963,0,7,50.343,179.2695,175.6194,0.1966
tik,963,1,0,50.5095,183.255,174.1621,0.1377
tik,963,1,1,50.6405,183.229,163.0931,0.1306
tik,963,1,2,50.6405,181.4775,87.9339,3.4673
tik,963,1,3,50.5095,179.7385,5.4208,0.1376
tik,963,1,4,50.372,179.7385,174.6183,0.1386
tik,963,1,5,50.241,181.4775,92.0495,3.4672
tik,963,1,6,50.241,183.229,17.0353,0.1297
tik,963,1,7,50.372,183.255,5.7959,0.1387
tik,964,0,0,53.081,179.876,12.0309,0.1247
tik,964,0,1,53.1915,179.829,168.7876,0.3497
tik,964,0,2,53.3135,179.829,145.5185,0.1201
tik,965,0,0,55.662,181.2225,90.0,3.765
tik,965,0,1,55.897,179.34,0.0,0.47
tik,965,0,2,56.132,181.4575,90.0,4.235
tik,965,0,3,55.674,183.575,0.0,0.916
tik,965,0,4,55.069,183.34,57.9726,0.5544
tik,966,0,0,61.7715,183.575,0.0,0.577
tik,966,0,1,62.3695,181.3785,111.9788,4.7373
tik,966,0,2,63.8595,180.744,68.8752,3.3491
tik,966,0,3,65.0665,180.744,111.1247,3.3491
tik,966,0,4,66.5565,181.3785,68.0212,4.7373
tik,966,0,5,67.154,183.575,0.0,0.578
tik,966,0,6,66.2675,182.0675,68.3791,3.2432
tik,966,0,7,65.0665,182.146,110.8324,3.3939
tik,966,0,8,63.8615,182.1795,68.8217,3.3299
tik,967,0,0,23.4075,187.332,113.919,1.2011
tik,967,0,1,23.937,186.783,0.0,0.572
tik,967,0,2,23.2035,189.01,114.598,4.8985
tik,967,0,3,21.1645,189.01,65.402,4.8985
tik,967,0,4,20.431,186.783,0.0,0.572
tik,967,0,5,20.9605,187.332,66.081,1.2011
tik,967,0,6,22.184,187.881,0.0,1.96
tik,967,1,0,22.184,188.351,0.0,1.518
tik,967,1,1,21.8045,189.2125,66.2259,1.8828
tik,967,1,2,22.5635,189.2125,113.7741,1.8828
tik,968,0,0,25.1205,186.783,0.0,0.549
tik,968,0,1,25.395,188.379,90.0,3.192
tik,968,0,2,26.9635,188.2915,132.9749,4.6019
tik,968,0,3,28.532,188.813,90.0,4.41
tik,968,0,4,28.2575,191.018,0.0,0.549
tik,968,0,5,27.983,189.4725,90.0,3.091
tik,968,0,6,26.4145,189.574,133.6017,4.5487
tik,969,0,0,29.8145,186.783,0.0,0.549
tik,969,0,1,30.089,188.379,90.0,3.192
tik,969,0,2,31.6575,188.2915,132.9749,4.6019
tik,969,0,3,33.226,188.813,90.0,4.41
tik,969,0,4,32.9515,191.018,0.0,0.549
tik,969,0,5,32.677,189.4725,90.0,3.091
tik,969,0,6,31.1085,189.574,133.6017,4.5487
tik,970,0,0,34.156,189.6805,90.0,2.677
tik,970,0,1,35.725,188.342,0.0,3.138
tik,970,0,2,37.294,189.6805,90.0,2.677
tik,970,0,3,37.019,191.019,0.0,0.55
tik,970,0,4,36.744,189.7715,90.0,2.495
tik,970,0,5,35.7245,188.524,0.0,2.039
tik,970,0,6,34.705,189.7715,90.0,2.495
tik,971,0,0,41.0655,187.332,113.919,1.2011
tik,971,0,1,41.595,186.783,0.0,0.572
tik,971,0,2,40.8615,189.01,114.5979,4.8985
tik,971,0,3,38.8225,189.01,65.402,4.8985
tik,971,0,4,38.089,186.783,0.0,0.572
tik,971,0,5,38.6185,187.332,66.081,1.2011
tik,971,0,6,39.842,187.881,0.0,1.96
tik,971,1,0,39.842,188.351,0.0,1.518
tik,971,1,1,39.4625,189.2125,66.2259,1.8828
tik,971,1,2,40.2215,189.2125,113.7741,1.8828
tik,972,0,0,42.7795,191.019,0.0,0.549
tik,972,0,1,42.505,188.9015,90.0,4.235
tik,972,0,2,43.426,186.784,0.0,1.842
tik,972,0,3,44.347,187.019,90.0,0.47
tik,972,0,4,43.7005,187.254,0.0,1.293
tik,973,0,0,48.2875,188.666,12.6346,0.2285
tik,973,0,1,47.9485,189.855,111.1578,2.4963
tik,973,0,2,47.1655,191.019,0.0,0.665
tik,973,0,3,46.833,188.9015,90.0,4.235
tik,973,0,4,47.1075,186.784,0.0,0.549
tik,973,0,5,47.382,187.6855,90.0,1.803
tik,973,0,6,47.495,188.587,0.0,0.226
tik,973,0,7,48.2445,187.6855,125.2238,2.2071
tik,973,0,8,49.1945,186.784,0.0,0.627
tik,973,0,9,48.842,187.7125,125.6514,2.2853
tik,973,1,0,47.4545,190.548,0.0,0.145
tik,973,1,1,47.5415,189.803,91.115,1.4903
tik,973,1,2,47.469,189.058,0.0,0.174
tik,973,1,3,47.382,189.803,90.0,1.49
tik,974,0,0,52.9515,187.332,113.919,1.2011
tik,974,0,1,53.481,186.783,0.0,0.572
tik,974,0,2,52.7475,189.01,114.5979,4.8985
tik,974,0,3,50.7085,189.01,65.402,4.8985
tik,974,0,4,49.975,186.783,0.0,0.572
tik,974,0,5,50.5045,187.332,66.081,1.2011
tik,974,0,6,51.728,187.881,0.0,1.96
tik,974,1,0,51.728,188.351,0.0,1.518
tik,974,1,1,51.3485,189.2125,66.2259,1.8828
tik,974,1,2,52.1075,189.2125,113.7741,1.8828
tik,975,0,0,56.0725,190.548,0.0,1.011
tik,975,0,1,56.578,190.783,90.0,0.47
tik,975,0,2,55.2925,191.018,0.0,2.571
tik,975,0,3,54.007,190.783,90.0,0.47
tik,975,0,4,54.513,190.548,0.0,1.012
tik,975,0,5,55.019,188.6655,90.0,3.765
tik,975,0,6,55.293,186.783,0.0,0.548
tik,976,0,0,58.38,186.783,0.0,2.306
tik,976,0,1,59.533,187.018,90.0,0.47
tik,976,0,2,58.6545,187.253,0.0,1.757
tik,976,0,3,57.776,188.077,90.0,1.648
tik,976,0,4,58.6285,188.901,0.0,1.705
tik,976,0,5,59.481,189.136,90.0,0.47
tik,976,0,6,58.6285,189.371,0.0,1.705
tik,976,0,7,57.776,189.9595,90.0,1.177
tik,976,0,8,58.6545,190.548,0.0,1.757
tik,976,0,9,59.533,190.783,90.0,0.47
tik,976,0,10,58.38,191.018,0.0,2.306
tik,977,0,0,64.132,191.169,3.0648,0.2243
tik,977,0,1,63.91,191.1465,8.5358,0.2225
tik,977,0,2,63.9085,188.923,92.8145,4.4193
tik,977,0,3,64.1305,186.7105,177.2291,0.2273
tik,977,0,4,64.357,186.7105,2.7831,0.2263
tik,977,0,5,64.5785,188.923,87.1855,4.4193
tik,977,0,6,64.5775,191.1465,171.4258,0.2215
tik,977,0,7,64.356,191.169,176.9352,0.2243
tik,977,1,0,64.159,187.179,177.3072,0.1702
tik,977,1,1,63.9915,187.1965,170.704,0.1672
tik,977,1,2,63.985,188.9525,87.5026,3.4883
tik,977,1,3,64.1525,190.7,3.1309,0.1833
tik,977,1,4,64.3355,190.7,176.8691,0.1833
tik,977,1,5,64.503,188.9525,92.4974,3.4883
tik,977,1,6,64.496,187.1965,9.241,0.1682
tik,977,1,7,64.3285,187.179,2.7087,0.1692
tik,978,0,0,69.339,190.783,90.0,0.47
tik,978,0,1,68.299,191.018,0.0,2.08
tik,978,0,2,67.259,188.9005,90.0,4.235
tik,978,0,3,67.534,186.783,0.0,0.55
tik,978,0,4,67.809,187.842,90.0,2.118
tik,978,0,5,68.5485,188.901,0.0,1.479
tik,978,0,6,69.288,189.136,90.0,0.47
tik,978,0,7,68.5485,189.371,0.0,1.479
tik,978,0,8,67.809,189.9595,90.0,1.177
tik,979,0,0,75.0845,190.958,153.7108,0.28
tik,979,0,1,74.954,188.945,89.8619,4.15
tik,979,0,2,75.0795,186.932,25.4108,0.289
tik,979,0,3,75.21,187.3085,90.0,0.629
tik,979,0,4,75.084,187.527,37.3021,0.3168
tik,979,0,5,74.96,188.9465,89.9244,3.031
tik,979,0,6,75.086,190.3705,143.5743,0.3082
tik,980,0,0,76.633,190.156,90.0,1.726
tik,980,0,1,76.3585,191.019,0.0,0.549
tik,980,0,2,76.084,188.9015,90.0,4.235
tik,980,0,3,76.3585,186.784,0.0,0.549
tik,980,0,4,76.633,187.8035,90.0,2.039
tik,980,0,5,77.6135,188.823,0.0,1.961
tik,980,0,6,78.594,187.8035,90.0,2.039
tik,980,0,7,78.8685,186.784,0.0,0.549
tik,980,0,8,79.143,188.9015,90.0,4.235
tik,980,0,9,78.8685,191.019,0.0,0.549
tik,980,0,10,78.594,190.156,90.0,1.726
tik,981,0,0,82.9485,187.332,113.919,1.2011
tik,981,0,1,83.478,186.783,0.0,0.572
tik,981,0,2,82.7445,189.01,114.598,4.8985
tik,981,0,3,80.7055,189.01,65.4021,4.8985
tik,981,0,4,79.972,186.783,0.0,0.572
tik,981,0,5,80.5015,187.332,66.081,1.2011
tik,981,0,6,81.725,187.881,0.0,1.96
tik,981,1,0,81.725,188.351,0.0,1.518
tik,981,1,1,81.3455,189.2125,66.226,1.8828
tik,981,1,2,82.1045,189.2125,113.7742,1.8828
tik,982,0,0,84.6615,186.783,0.0,0.549
tik,982,0,1,84.936,188.379,90.0,3.192
tik,982,0,2,86.5045,188.2915,132.9749,4.6019
tik,982,0,3,88.073,188.813,90.0,4.41
tik,982,0,4,87.7985,191.018,0.0,0.549
tik,982,0,5,87.524,189.4725,90.0,3.091
tik,982,0,6,85.9555,189.574,133.6017,4.5487
tik,983,0,0,91.299,188.6655,90.0,0.471
tik,983,0,1,91.837,188.43,0.0,1.076
tik,983,0,2,92.3555,188.304,81.2034,0.255
tik,983,0,3,92.2895,188.0605,68.4099,0.2527
tik,983,0,4,90.819,188.4165,161.6069,3.0013
tik,983,0,5,89.399,188.9825,87.5252,0.1852
tik,983,0,6,89.4155,189.1655,82.1355,0.1827
tik,983,0,7,90.767,189.765,20.813,2.865
tik,983,0,8,92.175,190.203,134.182,0.198
tik,983,0,9,92.304,190.0535,127.3955,0.1976
tik,983,0,10,92.5385,190.162,46.9799,0.5115
tik,983,0,11,92.6335,190.4435,130.0743,0.247
tik,983,0,12,92.4645,190.621,137.1554,0.2441
tik,983,0,13,90.659,189.4735,35.6433,4.2232
tik,983,0,14,88.979,188.144,109.9849,0.2107
tik,983,0,15,89.0605,187.9505,115.7059,0.2098
tik,983,0,16,91.0105,188.19,9.947,3.8671
tik,983,0,17,92.9195,188.6305,87.5799,0.2132
tik,983,0,18,92.924,188.819,90.0,0.164
tik,984,0,0,94.9,186.783,0.0,2.306
tik,984,0,1,96.053,187.018,90.0,0.47
tik,984,0,2,95.1745,187.253,0.0,1.757
tik,984,0,3,94.296,188.077,90.0,1.648
tik,984,0,4,95.1485,188.901,0.0,1.705
tik,984,0,5,96.001,189.136,90.0,0.47
tik,984,0,6,95.1485,189.371,0.0,1.705
tik,984,0,7,94.296,189.9595,90.0,1.177
tik,984,0,8,95.1745,190.548,0.0,1.757
tik,984,0,9,96.053,190.783,90.0,0.47
tik,984,0,10,94.9,191.018,0.0,2.306
tik,985,0,0,37.8915,198.069,124.3373,0.172
tik,985,0,1,37.7875,198.2025,131.6051,0.1672
tik,985,0,2,36.9455,197.4335,46.593,2.2891
tik,985,0,3,36.245,196.555,151.344,0.196
tik,985,0,4,36.421,196.466,154.9793,0.1986
tik,985,0,5,36.25,195.7695,68.2589,1.4092
tik,985,0,6,35.965,195.194,106.8998,0.1651
tik,985,0,7,35.9335,195.36,94.9266,0.1747
tik,985,0,8,35.652,195.389,11.9516,0.5601
tik,985,0,9,35.4055,195.205,102.3114,0.2579
tik,985,0,10,35.48,194.965,112.4061,0.2466
tik,985,0,11,36.7135,195.496,28.5294,2.701
tik,985,0,12,37.835,196.2245,127.8994,0.2116
tik,985,0,13,37.6915,196.3805,137.2779,0.2137
tik,985,0,14,37.522,196.5155,145.5181,0.2208
tik,985,0,15,36.802,196.94,150.0789,1.4515
tik,985,0,16,36.153,197.3555,110.4934,0.1143
tik,985,0,17,36.126,197.469,96.6547,0.1208
tik,985,0,18,36.581,197.826,32.735,1.0985
tik,985,0,19,37.1335,198.084,156.6861,0.1971
tik,985,0,20,37.2995,197.981,139.7149,0.1979
tik,985,0,21,37.439,197.8275,125.5652,0.2201
tik,986,0,0,40.017,194.227,0.0,2.306
tik,986,0,1,41.17,194.462,90.0,0.47
tik,986,0,2,40.2915,194.697,0.0,1.757
tik,986,0,3,39.413,195.521,90.0,1.648
tik,986,0,4,40.2655,196.345,0.0,1.705
tik,986,0,5,41.118,196.58,90.0,0.47
tik,986,0,6,40.2655,196.815,0.0,1.705
tik,986,0,7,39.413,197.4035,90.0,1.177
tik,986,0,8,40.2915,197.992,0.0,1.757
tik,986,0,9,41.17,198.227,90.0,0.47
tik,986,0,10,40.017,198.462,0.0,2.306
tik,987,0,0,42.7725,196.031,0.0,0.313
tik,987,0,1,42.813,197.2465,95.4514,2.442
tik,987,0,2,42.382,198.462,0.0,0.63
tik,987,0,3,42.067,196.3445,90.0,4.235
tik,987,0,4,42.3415,194.227,0.0,0.549
tik,987,0,5,42.616,195.129,90.0,1.804
tik,987,1,0,42.6885,197.992,0.0,0.145
tik,987,1,1,42.7755,197.247,91.115,1.4903
tik,987,1,2,42.703,196.502,0.0,0.174
tik,987,1,3,42.616,197.247,90.0,1.49
tik,988,0,0,46.8045,197.992,0.0,1.011
tik,988,0,1,47.31,198.227,90.0,0.47
tik,988,0,2,46.0245,198.462,0.0,2.571
tik,988,0,3,44.739,198.227,90.0,0.47
tik,988,0,4,45.245,197.992,0.0,1.012
tik,988,0,5,45.751,196.1095,90.0,3.765
tik,988,0,6,46.025,194.227,0.0,0.548
tik,989,0,0,49.112,194.227,0.0,2.306
tik,989,0,1,50.265,194.462,90.0,0.47
tik,989,0,2,49.3865,194.697,0.0,1.757
tik,989,0,3,48.508,195.521,90.0,1.648
tik,989,0,4,49.3605,196.345,0.0,1.705
tik,989,0,5,50.213,196.58,90.0,0.47
tik,989,0,6,49.3605,196.815,0.0,1.705
tik,989,0,7,48.508,197.4035,90.0,1.177
tik,989,0,8,49.3865,197.992,0.0,1.757
tik,989,0,9,50.265,198.227,90.0,0.47
tik,989,0,10,49.112,198.462,0.0,2.306
tik,990,0,0,53.814,195.619,66.5385,3.205
tik,990,0,1,54.4575,197.089,0.0,0.011
tik,990,0,2,54.712,195.658,99.8709,2.905
tik,990,0,3,55.2345,194.227,0.0,0.547
tik,990,0,4,55.073,196.4655,100.997,4.5607
tik,990,0,5,53.907,197.0265,66.4538,3.6597
tik,990,0,6,52.4445,197.0265,113.5605,3.6601
tik,990,0,7,51.2785,196.4655,79.0153,4.5605
tik,990,0,8,51.1175,194.227,0.0,0.547
tik,990,0,9,51.6395,195.652,80.1079,2.893
tik,990,0,10,51.894,197.077,0.0,0.012
tik,991,0,0,56.7225,194.227,0.0,0.987
tik,991,0,1,57.6005,195.3315,70.806,2.339
tik,991,0,2,57.8965,196.461,164.2296,0.1839
tik,991,0,3,57.808,196.491,90.0,0.01
tik,991,0,4,57.907,196.564,34.481,0.2402
tik,991,0,5,57.386,197.547,124.1216,2.2105
tik,991,0,6,56.4975,198.462,0.0,0.537
tik,991,0,7,56.229,196.3445,90.0,4.235
tik,991,1,0,56.8495,197.992,0.0,0.143
tik,991,1,1,56.9155,197.286,89.5536,1.4121
tik,991,1,2,56.844,196.58,0.0,0.132
tik,991,1,3,56.778,197.286,90.0,1.412
tik,991,2,0,56.937,196.188,0.0,0.318
tik,991,2,1,57.129,195.4425,92.5345,1.4925
tik,991,2,2,56.97,194.697,0.0,0.384
tik,991,2,3,56.778,195.442,90.0,1.49
tik,992,0,0,60.664,194.227,0.0,2.306
tik,992,0,1,61.817,194.462,90.0,0.47
tik,992,0,2,60.9385,194.697,0.0,1.757
tik,992,0,3,60.06,195.521,90.0,1.648
tik,992,0,4,60.9125,196.345,0.0,1.705
tik,992,0,5,61.765,196.58,90.0,0.47
tik,992,0,6,60.9125,196.815,0.0,1.705
tik,992,0,7,60.06,197.4035,90.0,1.177
tik,992,0,8,60.9385,197.992,0.0,1.757
tik,992,0,9,61.817,198.227,90.0,0.47
tik,992,0,10,60.664,198.462,0.0,2.306
tik,993,0,0,64.1685,196.11,12.6346,0.2285
tik,993,0,1,63.8295,197.2985,111.1659,2.4954
tik,993,0,2,63.0465,198.462,0.0,0.665
tik,993,0,3,62.714,196.3445,90.0,4.235
tik,993,0,4,62.9885,194.227,0.0,0.549
tik,993,0,5,63.263,195.129,90.0,1.804
tik,993,0,6,63.376,196.031,0.0,0.226
tik,993,0,7,64.1255,195.129,125.2087,2.2079
tik,993,0,8,65.0755,194.227,0.0,0.627
tik,993,0,9,64.723,195.156,125.6367,2.2861
tik,993,1,0,63.3355,197.992,0.0,0.145
tik,993,1,1,63.4225,197.247,91.115,1.4903
tik,993,1,2,63.35,196.502,0.0,0.174
tik,993,1,3,63.263,197.247,90.0,1.49
tik,994,0,0,69.536,195.5715,51.6047,2.2316
tik,994,0,1,69.0725,197.037,152.9317,2.5975
tik,994,0,2,67.891,197.49,79.7326,0.2805
tik,994,0,3,68.1315,197.352,0.0,0.531
tik,994,0,4,68.4095,197.432,81.119,0.1619
tik,994,0,5,69.0475,197.0255,142.1252,1.5848
tik,994,0,6,68.741,195.383,51.1234,2.9698
tik,994,0,7,69.1655,194.227,0.0,2.713
tik,994,0,8,70.522,194.462,90.0,0.47
tik,995,0,0,72.773,194.1565,4.3806,0.1966
tik,995,0,1,72.9605,194.186,13.8027,0.1843
tik,995,0,2,72.9605,196.4055,92.3323,4.3987
tik,995,0,3,72.773,198.611,175.3357,0.1967
tik,995,0,4,72.5765,198.611,4.6408,0.1976
tik,995,0,5,72.3885,196.4055,87.6677,4.3987
tik,995,0,6,72.389,194.186,166.271,0.1853
tik,995,0,7,72.577,194.1565,175.6194,0.1966
tik,995,1,0,72.7435,198.142,174.1621,0.1377
tik,995,1,1,72.8745,198.116,163.0931,0.1306
tik,995,1,2,72.8745,196.3645,87.9339,3.4673
tik,995,1,3,72.7435,194.6255,5.4208,0.1376
tik,995,1,4,72.606,194.6255,174.6183,0.1386
tik,995,1,5,72.475,196.3645,92.0495,3.4672
tik,995,1,6,72.475,198.116,17.0353,0.1297
tik,995,1,7,72.606,198.142,5.7959,0.1387
tik,996,0,0,76.586,195.5715,51.6047,2.2316
tik,996,0,1,76.1225,197.037,152.9317,2.5975
tik,996,0,2,74.941,197.49,79.7326,0.2805
tik,996,0,3,75.1815,197.352,0.0,0.531
tik,996,0,4,75.4595,197.432,81.119,0.1619
tik,996,0,5,76.0975,197.0255,142.1252,1.5848
tik,996,0,6,75.791,195.383,51.1234,2.9698
tik,996,0,7,76.2155,194.227,0.0,2.713
tik,996,0,8,77.572,194.462,90.0,0.47
tik,997,0,0,80.111,195.5715,51.6047,2.2316
tik,997,0,1,79.6475,197.037,152.9317,2.5975
tik,997,0,2,78.466,197.49,79.7326,0.2805
tik,997,0,3,78.7065,197.352,0.0,0.531
tik,997,0,4,78.9845,197.432,81.119,0.1619
tik,997,0,5,79.6225,197.0255,142.1252,1.5848
tik,997,0,6,79.316,195.383,51.1234,2.9698
tik,997,0,7,79.7405,194.227,0.0,2.713
tik,997,0,8,81.097,194.462,90.0,0.47
tik,998,0,0,283.565,144.9235,90.0,3.765
tik,998,0,1,283.8,143.041,0.0,0.47
tik,998,0,2,284.035,145.1585,90.0,4.235
tik,998,0,3,283.577,147.276,0.0,0.916
tik,998,0,4,282.972,147.041,57.9749,0.5544
tik,999,0,0,287.672,144.3855,51.605,2.2316
tik,999,0,1,287.2085,145.851,152.9316,2.5975
tik,999,0,2,286.027,146.304,79.7342,0.2805
tik,999,0,3,286.2675,146.166,0.0,0.531
tik,999,0,4,286.5455,146.246,81.111,0.1619
tik,999,0,5,287.1835,145.8395,142.1247,1.5848
tik,999,0,6,286.877,144.1975,51.1115,2.969
tik,999,0,7,287.3015,143.042,0.0,2.713
tik,999,0,8,288.658,143.2765,90.0,0.469
tik,1000,0,0,291.11,143.943,53.5814,2.4357
tik,1000,0,1,291.915,145.0545,58.058,0.3099
tik,1000,0,2,291.44,146.3095,116.3705,2.508
tik,1000,0,3,290.7425,147.419,5.6933,0.2824
tik,1000,0,4,290.473,147.3645,17.4289,0.2704
tik,1000,0,5,290.529,146.006,97.99,2.6618
tik,1000,0,6,290.821,144.6965,4.5418,0.2147
tik,1000,0,7,291.0265,144.738,18.5228,0.2078
tik,1000,0,8,291.131,144.765,134.9272,0.017
tik,1000,0,9,290.5705,144.011,52.8616,1.8766
tik,1000,0,10,290.1955,143.113,141.9296,0.4865
tik,1000,1,0,290.8065,145.167,173.7726,0.166
tik,1000,1,1,290.643,145.2015,162.5287,0.1699
tik,1000,1,2,290.6495,146.0855,84.1797,1.7259
tik,1000,1,3,290.83,146.953,5.529,0.1869
tik,1000,1,4,291.008,146.952,173.2931,0.1712
tik,1000,1,5,291.1755,146.0875,95.5149,1.717
tik,1000,1,6,291.1705,145.2055,17.4461,0.1834
tik,1000,1,7,290.986,145.168,5.8828,0.195
tik,1001,0,0,294.14,144.9235,90.0,3.765
tik,1001,0,1,294.375,143.041,0.0,0.47
tik,1001,0,2,294.61,145.1585,90.0,4.235
tik,1001,0,3,294.152,147.276,0.0,0.916
tik,1001,0,4,293.547,147.041,57.9749,0.5544
tik,1002,0,0,283.702,149.442,0.0,2.306
tik,1002,0,1,284.855,149.677,90.0,0.47
tik,1002,0,2,283.9765,149.912,0.0,1.757
tik,1002,0,3,283.098,150.736,90.0,1.648
tik,1002,0,4,283.9505,151.56,0.0,1.705
tik,1002,0,5,284.803,151.795,90.0,0.47
tik,1002,0,6,283.9505,152.03,0.0,1.705
tik,1002,0,7,283.098,152.6185,90.0,1.177
tik,1002,0,8,283.9765,153.207,0.0,1.757
tik,1002,0,9,284.855,153.442,90.0,0.47
tik,1002,0,10,283.702,153.677,0.0,2.306
tik,1003,0,0,286.0275,153.677,0.0,0.549
tik,1003,0,1,285.753,151.5595,90.0,4.235
tik,1003,0,2,286.674,149.442,0.0,1.842
tik,1003,0,3,287.595,149.677,90.0,0.47
tik,1003,0,4,286.9485,149.912,0.0,1.293
tik,1004,0,0,289.34,149.442,0.0,2.306
tik,1004,0,1,290.493,149.677,90.0,0.47
tik,1004,0,2,289.6145,149.912,0.0,1.757
tik,1004,0,3,288.736,150.736,90.0,1.648
tik,1004,0,4,289.5885,151.56,0.0,1.705
tik,1004,0,5,290.441,151.795,90.0,0.47
tik,1004,0,6,289.5885,152.03,0.0,1.705
tik,1004,0,7,288.736,152.6185,90.0,1.177
tik,1004,0,8,289.6145,153.207,0.0,1.757
tik,1004,0,9,290.493,153.442,90.0,0.47
tik,1004,0,10,289.34,153.677,0.0,2.306
tik,1005,0,0,291.2105,153.677,0.0,0.579
tik,1005,0,1,291.844,151.4525,112.5348,4.8168
tik,1005,0,2,293.687,151.4525,67.5312,4.8145
tik,1005,0,3,294.317,153.677,0.0,0.58
tik,1005,0,4,293.397,152.1185,67.9896,3.362
tik,1006,0,0,283.937,159.842,90.0,0.47
tik,1006,0,1,282.897,160.077,0.0,2.08
tik,1006,0,2,281.857,157.9595,90.0,4.235
tik,1006,0,3,282.132,155.842,0.0,0.55
tik,1006,0,4,282.407,156.901,90.0,2.118
tik,1006,0,5,283.1465,157.96,0.0,1.479
tik,1006,0,6,283.886,158.195,90.0,0.47
tik,1006,0,7,283.1465,158.43,0.0,1.479
tik,1006,0,8,282.407,159.0185,90.0,1.177
tik,1007,0,0,285.0697,160.078,0.0,0.5493
tik,1007,0,1,285.3444,157.9605,90.0,4.235
tik,1007,0,2,285.0697,155.843,0.0,0.5493
tik,1007,0,3,284.795,157.9605,90.0,4.235
tik,1008,0,0,287.519,155.843,0.0,2.306
tik,1008,0,1,288.672,156.078,90.0,0.47
tik,1008,0,2,287.7935,156.313,0.0,1.757
tik,1008,0,3,286.915,157.137,90.0,1.648
tik,1008,0,4,287.7675,157.961,0.0,1.705
tik,1008,0,5,288.62,158.196,90.0,0.47
tik,1008,0,6,287.7675,158.431,0.0,1.705
tik,1008,0,7,286.915,159.0195,90.0,1.177
tik,1008,0,8,287.7935,159.608,0.0,1.757
tik,1008,0,9,288.672,159.843,90.0,0.47
tik,1008,0,10,287.519,160.078,0.0,2.306
tik,1009,0,0,289.8435,160.078,0.0,0.549
tik,1009,0,1,289.569,157.9605,90.0,4.235
tik,1009,0,2,290.49,155.843,0.0,1.842
tik,1009,0,3,291.411,156.078,90.0,0.47
tik,1009,0,4,290.7645,156.313,0.0,1.293
tik,1010,0,0,292.444,155.843,0.0,0.88
tik,1010,0,1,292.8925,157.9605,89.77,4.235
tik,1010,0,2,292.4525,160.078,0.0,0.897
tik,1010,0,3,292.004,157.9605,90.0,4.235
tik,1010,1,0,292.6455,159.608,0.0,0.185
tik,1010,1,1,292.738,157.9605,90.0,3.295
tik,1010,1,2,292.6455,156.313,0.0,0.185
tik,1010,1,3,292.553,157.9605,90.0,3.295
tik,1011,0,0,303.815,195.9225,10.6982,1.8909
tik,1011,0,1,303.117,195.5465,139.0434,0.6118
tik,1011,0,2,304.0305,195.4945,12.2764,1.3969
tik,1011,0,3,304.6725,194.937,86.7171,1.4143
tik,1011,0,4,304.8545,194.0375,138.9887,0.5897
tik,1011,0,5,305.1375,194.774,86.2778,1.8639
tik,1011,0,6,305.9505,195.834,9.8019,1.5273
tik,1011,0,7,306.472,196.1645,139.0434,0.6118
tik,1011,0,8,305.714,196.2765,9.5328,1.0688
tik,1011,0,9,305.2225,196.7035,86.0598,1.0334
tik,1011,0,10,305.033,197.4145,139.0144,0.5961
tik,1012,0,0,309.0425,192.1795,10.6152,2.2312
tik,1012,0,1,309.654,193.5895,111.9326,2.597
tik,1012,0,2,309.0595,194.7065,38.6316,0.2803
tik,1012,0,3,309.15,194.445,138.977,0.5302
tik,1012,0,4,309.412,194.323,39.9826,0.1619
tik,1012,0,5,309.627,193.5975,101.1327,1.5848
tik,1012,0,6,308.3185,192.5585,10.1445,2.9694
tik,1012,0,7,307.881,191.4075,139.0209,2.7128
tik,1012,0,8,309.059,190.6955,49.0549,0.47
tik,1013,0,0,310.559,188.9895,143.477,0.1966
tik,1013,0,1,310.72,188.889,152.8832,0.1843
tik,1013,0,2,312.1755,190.5645,51.3502,4.3983
tik,1013,0,3,313.48,192.352,134.5912,0.1966
tik,1013,0,4,313.3315,192.481,143.4162,0.198
tik,1013,0,5,311.7435,190.9395,46.6952,4.3987
tik,1013,0,6,310.2885,189.2635,125.3257,0.185
tik,1013,0,7,310.411,189.118,134.5849,0.1966
tik,1013,1,0,313.15,192.017,133.2343,0.1373
tik,1013,1,1,313.2315,191.9115,121.8678,0.1307
tik,1013,1,2,312.083,190.5895,46.9526,3.4661
tik,1013,1,3,310.844,189.363,144.4564,0.1376
tik,1013,1,4,310.7405,189.453,133.5386,0.1379
tik,1013,1,5,311.782,190.8515,51.0774,3.4666
tik,1013,1,6,312.9305,192.1735,155.9925,0.1303
tik,1013,1,7,313.0465,192.1075,145.0329,0.1379
tik,1014,0,0,313.22,186.6775,143.477,0.1966
tik,1014,0,1,313.381,186.577,152.8832,0.1843
tik,1014,0,2,314.8365,188.252,51.3421,4.3975
tik,1014,0,3,316.1415,190.0395,134.1761,0.1966
tik,1014,0,4,315.993,190.1685,143.8235,0.1982
tik,1014,0,5,314.4045,188.6265,46.6949,4.3987
tik,1014,0,6,312.9495,186.951,125.5013,0.1842
tik,1014,0,7,313.072,186.806,134.5849,0.1966
tik,1014,1,0,315.811,189.705,133.2343,0.1373
tik,1014,1,1,315.8925,189.5995,121.8678,0.1307
tik,1014,1,2,314.744,188.2775,46.9526,3.4661
tik,1014,1,3,313.505,187.051,144.4564,0.1376
tik,1014,1,4,313.4015,187.141,133.5386,0.1379
tik,1014,1,5,314.443,188.5395,51.0774,3.4666
tik,1014,1,6,315.5915,189.8615,155.9925,0.1303
tik,1014,1,7,315.7075,189.7955,145.0329,0.1379
tik,1015,0,0,309.0535,200.574,49.0175,3.7647
tik,1015,0,1,307.9965,198.9985,138.9623,0.4706
tik,1015,0,2,309.563,200.443,49.02,4.2361
tik,1015,0,3,310.606,202.3425,139.0258,0.9166
tik,1015,0,4,309.9945,202.5615,17.068,0.5554
tik,1016,0,0,310.656,196.5945,143.477,0.1966
tik,1016,0,1,310.817,196.494,152.8832,0.1843
tik,1016,0,2,312.2725,198.169,51.3421,4.3975
tik,1016,0,3,313.5775,199.9565,134.1761,0.1966
tik,1016,0,4,313.429,200.0855,143.8235,0.1982
tik,1016,0,5,311.8405,198.544,46.6862,4.398
tik,1016,0,6,310.3855,196.8685,125.3257,0.185
tik,1016,0,7,310.508,196.723,134.5849,0.1966
tik,1016,1,0,313.247,199.622,133.2343,0.1373
tik,1016,1,1,313.3285,199.5165,121.8678,0.1307
tik,1016,1,2,312.18,198.1945,46.9526,3.4661
tik,1016,1,3,310.941,196.968,144.4564,0.1376
tik,1016,1,4,310.8375,197.058,133.5386,0.1379
tik,1016,1,5,311.879,198.4565,51.0774,3.4666
tik,1016,1,6,313.0275,199.7785,155.9925,0.1303
tik,1016,1,7,313.1435,199.712,144.7017,0.1384
tik,1017,0,0,313.316,194.2835,143.477,0.1966
tik,1017,0,1,313.477,194.183,152.8832,0.1843
tik,1017,0,2,314.933,195.8585,51.34,4.399
tik,1017,0,3,316.238,197.646,134.5912,0.1966
tik,1017,0,4,316.0895,197.775,143.4162,0.198
tik,1017,0,5,314.501,196.233,46.6943,4.4001
tik,1017,0,6,313.0455,194.557,125.5013,0.1842
tik,1017,0,7,313.168,194.412,134.5849,0.1966
tik,1017,1,0,315.907,197.311,133.2343,0.1373
tik,1017,1,1,315.9885,197.2055,121.8678,0.1307
tik,1017,1,2,314.84,195.8835,46.9526,3.4661
tik,1017,1,3,313.601,194.657,144.4564,0.1376
tik,1017,1,4,313.4975,194.747,133.5386,0.1379
tik,1017,1,5,314.539,196.1455,51.0774,3.4666
tik,1017,1,6,315.6875,197.4675,155.9925,0.1303
tik,1017,1,7,315.8035,197.401,144.7017,0.1384
tik,1018,0,0,315.978,191.9715,143.477,0.1966
tik,1018,0,1,316.139,191.871,152.8832,0.1843
tik,1018,0,2,317.595,193.5465,51.34,4.399
tik,1018,0,3,318.9,195.334,134.5912,0.1966
tik,1018,0,4,318.751,195.463,143.5892,0.1988
tik,1018,0,5,317.1625,193.9215,46.6952,4.3987
tik,1018,0,6,315.7075,192.2455,125.3257,0.185
tik,1018,0,7,315.83,192.1,134.5849,0.1966
tik,1018,1,0,318.569,194.999,133.2343,0.1373
tik,1018,1,1,318.6505,194.8935,121.8678,0.1307
tik,1018,1,2,317.502,193.5715,46.9526,3.4661
tik,1018,1,3,316.263,192.345,144.4564,0.1376
tik,1018,1,4,316.1595,192.435,133.5386,0.1379
tik,1018,1,5,317.201,193.8335,51.0774,3.4666
tik,1018,1,6,318.3495,195.1555,155.9925,0.1303
tik,1018,1,7,318.4655,195.089,144.7017,0.1384
tik,1019,0,0,273.4475,80.2665,141.6579,1.8908
tik,1019,0,1,274.189,79.9861,90.0,0.612
tik,1019,0,2,273.6295,80.71,143.2375,1.3968
tik,1019,0,3,273.63,81.56,37.6482,1.4145
tik,1019,0,4,274.19,82.287,90.0,0.59
tik,1019,0,5,273.448,82.018,37.2384,1.864
tik,1019,0,6,272.115,81.937,140.7432,1.5265
tik,1019,0,7,271.5235,82.114,89.9057,0.612
tik,1019,0,8,271.935,81.468,140.4696,1.0684
tik,1019,0,9,271.935,80.817,37.0464,1.0324
tik,1019,0,10,271.523,80.208,90.0,0.596
tik,1020,0,0,272.847,86.6685,141.5687,2.2314
tik,1020,0,1,271.381,86.2055,62.892,2.5984
tik,1020,0,2,270.927,85.024,169.728,0.2805
tik,1020,0,3,271.0655,85.2645,89.8913,0.531
tik,1020,0,4,270.986,85.5425,171.1217,0.1619
tik,1020,0,5,271.393,86.1805,52.0967,1.5855
tik,1020,0,6,273.035,85.8735,141.0841,2.9689
tik,1020,0,7,274.1905,86.2975,89.9787,2.713
tik,1020,0,8,273.956,87.654,0.0,0.47
tik,1021,0,0,274.2625,89.904,94.3803,0.1966
tik,1021,0,1,274.233,90.0915,103.8038,0.1843
tik,1021,0,2,272.0135,90.0925,2.3062,4.3986
tik,1021,0,3,269.808,89.9055,85.3591,0.1976
tik,1021,0,4,269.808,89.7085,94.6402,0.1977
tik,1021,0,5,272.0135,89.52,177.6548,4.3987
tik,1021,0,6,274.233,89.52,76.2705,0.1853
tik,1021,0,7,274.2625,89.708,85.6197,0.1966
tik,1021,1,0,270.277,89.8755,84.1618,0.1377
tik,1021,1,1,270.3035,90.0065,72.6715,0.1309
tik,1021,1,2,272.055,90.006,177.9167,3.4663
tik,1021,1,3,273.7935,89.8745,95.4211,0.1376
tik,1021,1,4,273.7935,89.7375,84.5789,0.1376
tik,1021,1,5,272.0545,89.607,2.0494,3.4672
tik,1021,1,6,270.303,89.6075,106.9069,0.1306
tik,1021,1,7,270.277,89.7385,95.8382,0.1377
tik,1022,0,0,274.2635,93.429,94.3803,0.1966
tik,1022,0,1,274.234,93.6165,103.8038,0.1843
tik,1022,0,2,272.0145,93.6175,2.3062,4.3986
tik,1022,0,3,269.809,93.4305,85.3591,0.1976
tik,1022,0,4,269.809,93.2335,94.6402,0.1977
tik,1022,0,5,272.0145,93.045,177.6548,4.3987
tik,1022,0,6,274.234,93.045,76.2705,0.1853
tik,1022,0,7,274.2635,93.233,85.6197,0.1966
tik,1022,1,0,270.278,93.4005,84.1618,0.1377
tik,1022,1,1,270.3045,93.5315,72.6715,0.1309
tik,1022,1,2,272.056,93.531,177.9167,3.4663
tik,1022,1,3,273.7945,93.3995,95.4211,0.1376
tik,1022,1,4,273.7945,93.2625,84.5789,0.1376
tik,1022,1,5,272.056,93.132,2.05,3.4662
tik,1022,1,6,270.3045,93.1325,107.3285,0.1309
tik,1022,1,7,270.2785,93.2635,95.4211,0.1376
tik,1023,0,0,266.5025,81.1725,179.9847,3.765
tik,1023,0,1,268.385,81.407,90.0,0.47
tik,1023,0,2,266.2675,81.643,179.9728,4.235
tik,1023,0,3,264.1495,81.1855,89.9371,0.917
tik,1023,0,4,264.3845,80.58,148.0273,0.5552
tik,1024,0,0,268.4555,84.991,94.3803,0.1966
tik,1024,0,1,268.426,85.1785,103.8038,0.1843
tik,1024,0,2,266.2065,85.1795,2.3062,4.3986
tik,1024,0,3,264.001,84.9925,85.3591,0.1976
tik,1024,0,4,264.001,84.7955,94.6402,0.1977
tik,1024,0,5,266.2065,84.607,177.6548,4.3987
tik,1024,0,6,268.426,84.607,76.2705,0.1853
tik,1024,0,7,268.4555,84.795,85.6197,0.1966
tik,1024,1,0,264.4705,84.9625,84.5789,0.1376
tik,1024,1,1,264.4965,85.0935,72.6715,0.1309
tik,1024,1,2,266.248,85.093,177.9167,3.4663
tik,1024,1,3,267.9865,84.9615,95.4211,0.1376
tik,1024,1,4,267.9865,84.8245,84.5789,0.1376
tik,1024,1,5,266.248,84.694,2.05,3.4662
tik,1024,1,6,264.4965,84.6945,107.3285,0.1309
tik,1024,1,7,264.4705,84.8255,95.4211,0.1376
tik,1025,0,0,268.4565,88.516,94.3803,0.1966
tik,1025,0,1,268.427,88.7035,103.8038,0.1843
tik,1025,0,2,266.2075,88.7045,2.3062,4.3986
tik,1025,0,3,264.002,88.5175,85.3591,0.1976
tik,1025,0,4,264.002,88.3205,94.6402,0.1977
tik,1025,0,5,266.2075,88.132,177.6548,4.3987
tik,1025,0,6,268.4265,88.132,76.5642,0.1851
tik,1025,0,7,268.456,88.32,85.336,0.1967
tik,1025,1,0,264.471,88.4875,84.1618,0.1377
tik,1025,1,1,264.4975,88.6185,72.6715,0.1309
tik,1025,1,2,266.249,88.618,177.9167,3.4663
tik,1025,1,3,267.9875,88.4865,95.4211,0.1376
tik,1025,1,4,267.9875,88.3495,84.5789,0.1376
tik,1025,1,5,266.2485,88.219,2.0494,3.4672
tik,1025,1,6,264.497,88.2195,106.9069,0.1306
tik,1025,1,7,264.471,88.3505,95.8382,0.1377
tik,1026,0,0,268.4575,92.041,94.3803,0.1966
tik,1026,0,1,268.428,92.2285,103.8038,0.1843
tik,1026,0,2,266.2085,92.2295,2.3062,4.3986
tik,1026,0,3,264.003,92.0425,85.3591,0.1976
tik,1026,0,4,264.003,91.8455,94.6402,0.1977
tik,1026,0,5,266.2085,91.657,177.6548,4.3987
tik,1026,0,6,268.428,91.657,76.2705,0.1853
tik,1026,0,7,268.4575,91.845,85.6197,0.1966
tik,1026,1,0,264.472,92.0125,84.1618,0.1377
tik,1026,1,1,264.4985,92.1435,72.6715,0.1309
tik,1026,1,2,266.25,92.143,177.9167,3.4663
tik,1026,1,3,267.9885,92.0115,95.4211,0.1376
tik,1026,1,4,267.9885,91.8745,84.5789,0.1376
tik,1026,1,5,266.25,91.744,2.05,3.4662
tik,1026,1,6,264.4985,91.7445,107.3285,0.1309
tik,1026,1,7,264.472,91.8755,95.8382,0.1377
tik,1027,0,0,128.1435,298.2625,51.6574,1.8908
tik,1027,0,1,127.863,297.521,0.0,0.612
tik,1027,0,2,128.587,298.0805,53.2365,1.3968
tik,1027,0,3,129.437,298.08,127.6482,1.4145
tik,1027,0,4,130.164,297.52,0.0,0.59
tik,1027,0,5,129.895,298.262,127.2387,1.864
tik,1027,0,6,129.814,299.5955,50.7663,1.5273
tik,1027,0,7,129.991,300.187,0.0,0.612
tik,1027,0,8,129.3455,299.775,50.5106,1.0677
tik,1027,0,9,128.6945,299.775,127.0916,1.033
tik,1027,0,10,128.085,300.187,0.0,0.596
tik,1028,0,0,118.0585,291.4815,51.6574,1.8908
tik,1028,0,1,117.778,290.74,0.0,0.612
tik,1028,0,2,118.502,291.2995,53.2365,1.3968
tik,1028,0,3,119.352,291.299,127.6477,1.4145
tik,1028,0,4,120.079,290.739,0.0,0.59
tik,1028,0,5,119.81,291.481,127.2385,1.864
tik,1028,0,6,119.729,292.8145,50.7663,1.5273
tik,1028,0,7,119.906,293.406,0.0,0.612
tik,1028,0,8,119.2605,292.994,50.5106,1.0677
tik,1028,0,9,118.6095,292.994,127.0916,1.033
tik,1028,0,10,118.0,293.406,0.0,0.596
tik,1029,0,0,249.43,195.758,179.702,2.306
tik,1029,0,1,250.584,195.987,89.7563,0.47
tik,1029,0,2,249.707,196.2265,179.7063,1.756
tik,1029,0,3,248.8335,197.055,89.687,1.648
tik,1029,0,4,249.6905,197.874,179.6647,1.705
tik,1029,0,5,250.544,198.1045,89.7568,0.471
tik,1029,0,6,249.6925,198.3445,179.6975,1.705
tik,1029,0,7,248.8435,198.9375,89.6591,1.177
tik,1029,0,8,249.725,199.521,179.6744,1.756
tik,1029,0,9,250.604,199.7515,89.7568,0.471
tik,1029,0,10,249.4525,199.993,179.7019,2.305
tik,1030,0,0,252.633,195.741,179.702,2.306
tik,1030,0,1,253.787,195.97,89.7563,0.47
tik,1030,0,2,252.91,196.2095,179.7063,1.756
tik,1030,0,3,252.0365,197.038,89.687,1.648
tik,1030,0,4,252.8935,197.857,179.6647,1.705
tik,1030,0,5,253.747,198.0875,89.7568,0.471
tik,1030,0,6,252.8955,198.3275,179.6975,1.705
tik,1030,0,7,252.046,198.9205,89.7081,1.177
tik,1030,0,8,252.9275,199.504,179.6746,1.757
tik,1030,0,9,253.807,199.7345,89.7568,0.471
tik,1030,0,10,252.6555,199.976,179.7019,2.305
tik,1031,0,0,267.9965,397.317,94.3806,0.1966
tik,1031,0,1,267.967,397.5045,103.8027,0.1843
tik,1031,0,2,265.7475,397.5055,2.3062,4.3986
tik,1031,0,3,263.542,397.3185,85.3591,0.1976
tik,1031,0,4,263.542,397.1215,94.6406,0.1977
tik,1031,0,5,265.7475,396.933,177.6546,4.3987
tik,1031,0,6,267.967,396.933,76.2716,0.1853
tik,1031,0,7,267.9965,397.121,85.6194,0.1966
tik,1031,1,0,264.011,397.2885,84.1618,0.1377
tik,1031,1,1,264.0375,397.4195,72.6715,0.1309
tik,1031,1,2,265.789,397.419,177.9167,3.4663
tik,1031,1,3,267.5275,397.2875,95.4211,0.1376
tik,1031,1,4,267.5275,397.1505,84.5789,0.1376
tik,1031,1,5,265.789,397.02,2.0503,3.4662
tik,1031,1,6,264.0375,397.0205,107.3285,0.1309
tik,1031,1,7,264.0115,397.1515,95.4205,0.1376
tik,1032,0,0,267.391,399.86,102.0316,0.1247
tik,1032,0,1,267.438,399.9705,78.7872,0.3497
tik,1032,0,2,267.438,400.0925,55.5185,0.1201
tik,1033,0,0,265.8895,402.658,89.6963,0.19
tik,1033,0,1,266.451,402.304,141.3274,1.4371
tik,1033,0,2,266.938,401.8385,12.5732,0.1516
tik,1033,0,3,266.864,401.5655,90.0,0.513
tik,1033,0,4,266.988,401.328,8.7107,0.2509
tik,1033,0,5,266.433,402.4245,122.2176,2.5472
tik,1033,0,6,265.71,403.433,57.4805,0.1637
tik,1033,0,7,265.5735,403.47,131.1082,0.2814
tik,1033,0,8,264.925,402.5205,62.2214,2.386
tik,1033,0,9,264.4925,401.4385,167.8898,0.2526
tik,1033,0,10,264.616,401.6745,90.0,0.525
tik,1033,0,11,264.5505,401.952,167.0936,0.1344
tik,1033,0,12,264.9475,402.34,38.8856,1.1883
tik,1033,0,13,265.4145,402.6295,93.0859,0.1672
tik,1034,0,0,263.546,405.5145,95.1699,0.1998
tik,1034,0,1,263.582,405.323,106.3525,0.1917
tik,1034,0,2,264.505,405.3235,5.894,1.8015
tik,1034,0,3,265.41,405.5145,84.7864,0.1978
tik,1034,0,4,265.41,405.7115,95.2132,0.1978
tik,1034,0,5,264.5045,405.904,174.0142,1.8028
tik,1034,0,6,263.5815,405.9055,74.0109,0.1924
tik,1034,0,7,263.546,405.7135,84.8301,0.1998
tik,1034,1,0,263.8575,405.6795,84.3324,0.1316
tik,1034,1,1,263.882,405.8065,73.6817,0.1282
tik,1034,1,2,264.4965,405.806,174.0663,1.1994
tik,1034,1,3,265.0995,405.6785,95.667,0.1317
tik,1034,1,4,265.0995,405.5475,84.3324,0.1316
tik,1034,1,5,264.4965,405.4205,5.8866,1.1993
tik,1034,1,6,263.882,405.4205,106.3183,0.1282
tik,1034,1,7,263.8575,405.548,95.6247,0.1326
tik,1035,0,0,265.681,406.4655,149.7536,4.9452
tik,1035,0,1,267.887,405.3495,61.6099,0.2944
tik,1035,0,2,265.8245,406.7225,149.7527,4.9371
tik,1036,0,0,266.0565,407.352,95.173,0.2109
tik,1036,0,1,266.093,407.1505,105.6278,0.2004
tik,1036,0,2,267.054,407.151,5.9291,1.8781
tik,1036,0,3,267.9975,407.352,84.7855,0.2089
tik,1036,0,4,267.9975,407.5605,95.1895,0.2099
tik,1036,0,5,267.054,407.7625,174.0403,1.8782
tik,1036,0,6,266.093,407.7635,74.3722,0.2004
tik,1036,0,7,266.0565,407.562,84.827,0.2109
tik,1036,1,0,266.368,407.526,84.2041,0.1387
tik,1036,1,1,266.3945,407.6605,73.4202,0.1367
tik,1036,1,2,267.0475,407.6605,174.0971,1.2738
tik,1036,1,3,267.6875,407.5255,95.343,0.1396
tik,1036,1,4,267.6875,407.387,84.6183,0.1386
tik,1036,1,5,267.0475,407.2525,5.9029,1.2738
tik,1036,1,6,266.3945,407.2525,106.5798,0.1367
tik,1036,1,7,266.368,407.3875,95.7542,0.1397
tik,1037,0,0,265.0335,411.0205,179.9784,2.677
tik,1037,0,1,266.3725,412.589,89.9816,3.138
tik,1037,0,2,265.0345,414.1585,179.9784,2.677
tik,1037,0,3,263.696,413.8845,90.0,0.549
tik,1037,0,4,264.9435,413.6095,179.9769,2.495
tik,1037,0,5,266.191,412.589,90.0,2.04
tik,1037,0,6,264.9435,411.5695,179.9772,2.495
tik,1038,0,0,266.128,415.8435,90.0,0.313
tik,1038,0,1,264.9125,415.8845,5.4282,2.442
tik,1038,0,2,263.6965,415.454,89.9084,0.63
tik,1038,0,3,265.8135,415.138,179.973,4.235
tik,1038,0,4,267.9315,415.412,89.8983,0.55
tik,1038,0,5,267.03,415.687,0.0,1.804
tik,1038,1,0,264.167,415.76,90.0,0.144
tik,1038,1,1,264.912,415.8465,1.1147,1.4903
tik,1038,1,2,265.657,415.774,90.0,0.174
tik,1038,1,3,264.912,415.6875,179.9613,1.49
tik,1039,0,0,79.5085,407.85,66.5221,3.2054
tik,1039,0,1,80.1525,409.32,0.0,0.011
tik,1039,0,2,80.4065,407.889,99.8515,2.9048
tik,1039,0,3,80.9285,406.4575,179.8945,0.547
tik,1039,0,4,80.768,408.696,100.97,4.5613
tik,1039,0,5,79.602,409.2575,66.4253,3.6605
tik,1039,0,6,78.1395,409.2575,113.5317,3.6593
tik,1039,0,7,76.9735,408.697,78.9882,4.56
tik,1039,0,8,76.8115,406.459,0.0,0.547
tik,1039,0,9,77.334,407.884,80.0884,2.8932
tik,1039,0,10,77.589,409.309,0.0,0.012
tik,1040,0,0,8.85,357.5649,0.0,7.7
tik,1040,0,1,8.85,357.5649,0.0,7.7
tik,1041,0,0,5.0,298.0325,90.0,119.0649
tik,1041,0,1,8.85,238.5,0.0,7.7
tik,1041,0,2,12.7,298.0325,90.0,119.0649
tik,1041,0,3,8.85,357.5649,0.0,7.7
tik,1042,0,0,377.85,238.5,0.0,7.7
tik,1042,0,1,377.85,238.5,0.0,7.7
tik,1043,0,0,381.7,298.0325,90.0,119.0649
tik,1043,0,1,378.2,357.5649,0.0,7.0
tik,1043,0,2,374.7,298.0325,90.0,119.0649
tik,1043,0,3,378.2,238.5,0.0,7.0
